20	9.598431003549392
20.290906698750476	9.598570302731687
20.586044732869844	9.59871111365581
20.885475648548283	9.598855925072519
21.189261887185914	9.599008303460682
21.49746679841394	9.599172771558127
21.810154653305165	9.599354680442262
22.12739065777668	9.599560071356851
22.449240966187475	9.599795522779448
22.77577269513385	9.600067977634225
23.107053937445478	9.600384545088728
23.44315377638505	9.60075227104766
23.784142300054445	9.601177871293045
24.130090616010463	9.601667421245175
24.481070866093134	9.60222599656477
24.837156241469714	9.602857259321485
25.1984209978975	9.603562985260726
25.56494047120865	9.604342528857963
25.936791093020236	9.60519222441046
26.3140504066728	9.606104723437374
26.69679708340074	9.607068271199731
27.08511093873791	9.60806592827238
27.47907294916184	9.609074746859777
27.878765268980047	9.610064916002077
28.284271247461966	9.61099889501639
28.695675446220072	9.611830560498516
29.11306365684382	9.6125043989961
29.536522918790062	9.612954785057854
29.966141537533712	9.613105392741657
30.402009102982383	9.612868797769318
30.844216508158908	9.612146337249717
31.29285596815558	9.610828304105633
31.74802103936409	9.608794563825006
32.20980663898519	9.60591569163659
32.67830906482211	9.602054738323947
33.153626015361866	9.597069742190106
33.63585661014871	9.590817112613548
34.125101410453844	9.583156016526363
34.62146244024586	9.573953902203765
35.12504320746613	9.563093294053658
35.635948725613716	9.550479246713794
36.15428553564419	9.5360320193134
36.68016172818701	9.519641311836935
37.21368696608603	9.50116499710271
37.754972507267915	9.48044370564301
38.30413122794313	9.457317377459258
38.86127764614443	9.431643944137631
39.4265279456077	9.403320308040243
40.000000000000206	9.372305101281414
40.58181339750116	9.338627456333683
41.1720894657399	9.30235672783207
41.77095129709678	9.263604333989148
42.37852377437204	9.222498076438171
42.9949335968281	9.179185592117967
43.62030930661056	9.133811655780649
44.25478131555359	9.086525768261502
44.89848193237519	9.037461700190118
45.55154539026795	8.986750541135772
46.21410787489121	8.934504200199491
46.88630755277036	8.880831635478097
47.56828460010916	8.825825078082001
48.260181232021196	8.769580090364176
48.962141732186545	8.712171406345757
49.674312482939705	8.653627345418265
50.39684199579528	8.593950009695908
51.129880942417586	8.53310812414512
51.873582186040764	8.471060836218973
52.628100813345895	8.407751358998437
53.393594166801776	8.343134668535042
54.17022187747612	8.27715601471042
54.95814589832399	8.209734454463025
55.75753053796041	8.140796519575686
56.56854249492426	8.07027953168303
57.39135089244048	7.998165763198197
58.226127313687975	7.9244708394265055
59.073045837580466	7.849213889413235
59.932283075067765	7.772406503095745
60.804018205965114	7.694095315453192
61.68843301631817	7.614353360832693
62.58571193631152	7.533259360251766
63.49604207872855	7.450878204657109
64.41961327797075	7.3672588304700035
65.35661812964459	7.282485026090351
66.3072520307241	7.196675280085714
67.27171322029778	7.109969797588258
68.25020282090806	7.022513300100809
69.2429248804921	6.93444255432546
70.25008641493265	6.845873072196993
71.27189745122783	6.756881132796664
72.30857107128878	6.667513261928656
73.36032345637442	6.577846556474917
74.42737393217246	6.487994969736293
75.50994501453623	6.398099796545652
76.60826245588666	6.3083146822944425
77.72255529228926	6.2187941005161935
78.85305589121582	6.129681657817205
80.00000000000082	6.041098006307307
81.16362679500274	5.953131373114129
82.34417893148023	5.865822390393366
83.541902594194	5.779150371308588
84.75704754874454	5.693035314449456
85.98986719365665	5.6074003598876345
87.24061861322157	5.522179244717282
88.50956263110764	5.4372971708285895
89.79696386475084	5.352649093524695
91.10309078053635	5.268081948925603
92.42821574978288	5.183397346712518
93.77261510554118	5.098415858906931
95.13656920021877	5.012978010495125
96.52036246404286	4.926927676481811
97.92428346437356	4.840113905088413
99.34862496587989	4.752458526048014
100.79368399159105	4.6639603082851
102.25976188483567	4.574678530651903
103.74716437208203	4.484721450718234
105.25620162669229	4.394233717308523
106.78718833360406	4.30337955830432
108.34044375495276	4.212333274718728
109.9162917966485	4.121265291270107
111.51506107592134	4.030326220120315
113.13708498984903	3.939634611928269
114.78270178488147	3.8492637790768414
116.45225462737648	3.759227498498183
118.14609167516147	3.669492522305647
119.86456615013608	3.5800608414104196
121.60803641193078	3.490977649919173
123.3768660326369	3.4023191617029767
125.17142387262359	3.3141754733829862
126.99208415745765	3.226634551933804
128.83922655594208	3.139764325537562
130.71323625928977	3.0535912574063686
132.61450406144883	2.968076862704518
134.5434264405962	2.88312318088436
136.50040564181674	2.7986553967600747
138.48584976098482	2.714623311693916
140.50017282986593	2.6309783110485885
142.5437949024563	2.547648139882691
144.61714214257822	2.464536310979381
146.7206469127495	2.3816042107412545
148.8547478643456	2.2988718637403545
151.01989002907314	2.2163901721886434
153.216524911774	2.1342136827276255
155.4451105845792	2.0523673811680827
157.70611178243232	1.9708442387630858
160.00000000000236	1.889690674586711
162.3272535900062	1.80900504985929
164.6883578629612	1.728903999089781
167.08380518838874	1.6494858241564259
169.51409509748981	1.5707945468952578
171.97973438731407	1.492812538758963
174.4812372264439	1.4155460306311827
177.01912526221608	1.3390159633014287
179.5939277295025	1.2632464494873075
182.20618156107355	1.188349143566782
184.85643149956664	1.1145092427748808
187.54523021108326	1.041935447456953
190.27313840043846	0.9708080318346973
193.04072492808663	0.9012547876361472
195.84856692874806	0.8334290434182968
198.69724993176072	0.7674784943019607
201.58736798318304	0.7035135494320198
204.5195237696723	0.6416788788157475
207.49432874416505	0.5821108931904762
210.5124032533856	0.5248893348521595
213.57437666720915	0.47009590859727846
216.68088750990657	0.4177925519632457
219.83258359329807	0.3680713128787656
223.03012215184378	0.32102114886081856
226.2741699796992	0.27676497492419894
229.5654035697641	0.23541361179845643
232.90450925475412	0.19709312617699282
236.2921833503241	0.16188348497169813
239.72913230027333	0.12987148407468618
243.21607282386276	0.10119694865692641
246.75373206527502	0.0759640177177654
250.34284774524843	0.05427251514042686
253.9841683149166	0.03623988997055472
257.67845311188546	0.02188075810621215
261.42647251858085	0.011109781717075107
265.22900812289896	0.0037798636039843014
269.08685288119375	-0.0002885969635426644
273.0008112836349	-0.0012873628612020127
276.97169952197106	0.0005911962701541373
281.00034565973334	0.005157054348524315
285.0875898049141	0.012217077076949634
289.23428428515797	0.021561385606672312
293.44129382550057	0.03294178511520063
297.7094957286928	0.046042583679668514
302.0397800581479	0.06044439150286063
306.4330498235497	0.07563521942497803
310.89022116916016	0.09117675337914485
315.41222356486645	0.10670956141700125
320.00000000000654	0.1219031076362104
324.6545071800142	0.1364043146964131
329.3767157259242	0.14984272533158782
334.16761037677935	0.16200877564629673
339.02819019498156	0.1728684765257304
343.95946877463007	0.18252340702263598
348.9624744528898	0.19117353944985427
354.03825052443415	0.19908327252297417
359.187855459007	0.20655011137105062
364.4123631221491	0.21387515199121687
369.71286299913527	0.2213343463257709
375.0904604221685	0.22914944557976163
380.54627680087896	0.2374575506305479
386.08144985617537	0.24627835111815866
391.6971338574982	0.255478425932974
397.3944998635236	0.26480243194288733
403.1747359663683	0.2741127438167774
409.0390475393468	0.2834217624182051
414.9886574883323	0.29285394970292977
421.0248065067734	0.3026065078009422
427.1487533344206	0.3129081649224881
433.3617750198154	0.3239751306978847
439.6651671865984	0.3359630822321472
446.06024430368984	0.34891403410730093
452.54833995940066	0.3626971693432477
459.13080713953053	0.3770254453101201
465.8090185095106	0.3917141583307421
472.58436670065066	0.40669314916821847
479.45826460054917	0.4219338510031263
486.432145647728	0.4373723287383518
493.50746413055253	0.4528287748390122
500.6856954904994	0.46801501015666147
507.9683366298358	0.4828109032755381
515.3569062237735	0.4972736077913086
522.8529450371643	0.511557090411768
530.4580162458005	0.5258306639610384
538.1737057623901	0.5401957056350523
546.0016225672724	0.5545995982701678
553.9433990439449	0.5688487585439448
562.0006913194694	0.5829277031341848
570.1751796098309	0.5970155285810544
578.4685685703187	0.6113995110741038
586.8825876510039	0.626385406490911
595.4189914573883	0.6422025374105687
604.0795601162986	0.6589017549961715
612.8660996471021	0.676360459161885
621.780442338323	0.6946257117768448
630.8244471297356	0.7139100921837844
640.0000000000159	0.7344629115491917
649.3090143600314	0.7564288428372159
658.7534314518515	0.7798189687351296
668.3352207535618	0.8048488377053793
678.0563803899662	0.8318873603261033
687.9189375492632	0.8612611962053245
697.9249489057827	0.8930359043385567
708.0765010488715	0.9269099006492761
718.3757109180171	0.9624986986586642
728.8247262443015	0.9993286180773413
739.425725998274	1.0371043951335785
750.1809208443404	1.0755332433769988
761.0925536017613	1.114139008164052
772.1628997123541	1.152516860937603
783.3942677149998	1.1902859129286443
794.7889997270506	1.2273590534522925
806.34947193274	1.263741977169081
818.0780950786972	1.2993362856617365
829.9773149766683	1.3342440469380488
842.0496130135506	1.368572987628334
854.2975066688449	1.402247235450464
866.7235500396347	1.4353486084908356
879.3303343732008	1.4679325668675882
892.1204886073838	1.499849649238973
905.0966799188055	1.531128716200744
918.2616142790653	1.5617991623079044
931.6180370190256	1.5917211110319014
945.1687334013056	1.6210158678283708
958.9165292011028	1.6499051507785283
972.8642912954606	1.6785585715570794
987.0149282611097	1.707577723871337
1001.3713909810035	1.7378420983573195
1015.9366732596762	1.7701242217386814
1030.7138124475518	1.8049043828258218
1045.7058900743334	1.8428429236372685
1060.916032491606	1.8845193252016654
1076.3474115247852	1.9301247015508167
1092.0032451345498	1.9798242975626266
1107.8867980878947	2.033572231783772
1124.0013826389438	2.0913670544468883
1140.350359219667	2.1529286201300453
1156.9371371406426	2.2181100043916477
1173.765175302013	2.287251882836797
1190.837982914782	2.3606584943575886
1208.1591202326028	2.438843235754388
1225.73219929421	2.5227006925995554
1243.5608846766518	2.6127061787384465
1261.648894259477	2.708902216958921
1280.0000000000375	2.8110729006807973
1298.6180287200684	2.918815146102671
1317.5068629037087	3.0314908465889605
1336.6704415071292	3.14806806111101
1356.112760779938	3.267203195486696
1375.8378750985323	3.388283991031974
1395.8498978115715	3.5113914531752024
1416.153002097749	3.636854375491279
1436.7514218360407	3.764729516088609
1457.6494524886093	3.8945995653768612
1478.8514519965543	4.0264717495233375
1500.3618416886875	4.160470113230317
1522.1851072035295	4.296468548497419
1544.3257994247153	4.434901683858058
1566.788535430007	4.5762754405536805
1589.5779994541087	4.720609486463043
1612.6989438654878	4.868099953267447
1636.156190157402	5.01881881085781
1659.9546299533442	5.173250020458025
1684.099226027109	5.331791795424878
1708.5950133376978	5.495109307107396
1733.4471000792773	5.663382882451787
1758.6606687464096	5.83692672478723
1784.2409772147755	6.016655493068864
1810.193359837619	6.202787494945681
1836.5232285581387	6.394964047087816
1863.2360740380593	6.592702194960875
1890.3374668026197	6.79566846948084
1917.833058402214	7.003766971114639
1945.7285825909298	7.2170365580075995
1974.0298565222283	7.435348911824668
2002.7427819620161	7.657895824439217
2031.8733465193618	7.883130362473625
2061.4276248951132	8.11052562753046
2091.411780148677	8.340223181806286
2121.832064983222	8.571899799258025
2152.694823049581	8.804213830411712
2184.0064902691106	9.036338026283003
2215.7735961758003	9.267244409842663
2248.002765277899	9.495006738285749
2280.7007184393456	9.718491228327625
2313.874274281297	9.936831138592474
2347.530350604038	10.148266653625932
2381.6759658295764	10.350072951529125
2416.318240465218	10.541479061845624
2451.4643985884327	10.723579996130455
2487.1217693533167	10.896166183837884
2523.2977885189675	11.057784061805988
2560.0000000000887	11.207328840309696
2597.236057440151	11.345340572004766
2635.0137258074315	11.472006863447557
2673.340883014273	11.585848839245244
2712.225521559891	11.686277449697982
2751.6757501970797	11.773790493542082
2791.699795623158	11.849971458630925
2832.3060041955137	11.917179428139702
2873.502843672097	11.97548319424294
2915.2989049772345	12.023823101690478
2957.7029039931244	12.061854364379077
3000.723683377391	12.088816205760455
3044.370214407075	12.105813285170866
3088.6515988494466	12.114982532775963
3133.57707086003	12.118073508793017
3179.1559989082334	12.11562934891876
3225.3978877309914	12.106677717393614
3272.3123803148205	12.088931192640018
3319.9092599067053	12.05962777784457
3368.198452054235	12.017269335639241
3417.190026675413	11.962888713840334
3466.8942001585724	11.897659223346272
3517.3213374928373	11.82507291058815
3568.4819544295697	11.748972308664667
3620.386719675257	11.670488763342533
3673.0464571162966	11.587190541572435
3726.472148076138	11.49825650112326
3780.6749336052594	11.404480124709277
3835.6661168044484	11.306960580929154
3891.45716518188	11.206313573023191
3948.059713044477	11.10232961460257
4005.4855639240527	10.994046940997205
4063.746693038744	10.880300003837684
4122.855249790247	10.76090386397952
4182.823560297375	10.638672376963367
4243.664129966465	10.519784856764588
4305.389646099183	10.406931274836127
4368.012980538242	10.299563343581053
4431.5471923516225	10.195882630386773
4496.00553055582	10.094065880331977
4561.401436878714	9.992936450310525
4627.748548562617	9.892341516211621
4695.060701208099	9.793390389230787
4763.351931659176	9.698561356207655
4832.63648093046	9.611470676950418
4902.928797176889	9.535756151029567
4974.243538706657	9.472297817333352
5046.595577037959	9.417591502181692
5120.000000000202	9.370204837751665
5194.472114880326	9.328231974124988
5270.027451614888	9.292546710138689
5346.6817660285715	9.261039360143561
5424.451043119808	9.233316813890752
5503.351500394186	9.214337580994425
5583.399591246343	9.204356034227969
5664.612008391055	9.199478933384889
5747.005687344222	9.194414699916264
5830.597809954497	9.184040553858972
5915.405807986278	9.16512646549076
6001.447366754812	9.13966314303597
6088.740428814181	9.115475808893313
6177.303197698925	9.092971319477481
6267.154141720092	9.067497722851634
6358.3119978165005	9.037011360545673
6450.795775462017	9.005161470330018
6544.624760629676	8.968352091036161
6639.818519813445	8.92151911872679
6736.396904108505	8.865873784390178
6834.380053350861	8.801309892670936
6933.788400317181	8.73540088890958
7034.642674985712	8.675127266706138
7136.963908859177	8.619096283004856
7240.773439350552	8.5692567629899
7346.092914232631	8.526002771498105
7452.944296152315	8.495817530894879
7561.349867210557	8.479534480185682
7671.332233608935	8.479042032735485
7782.914330363799	8.496606460778041
7896.119426088994	8.508498679480894
8010.971127848146	8.484412871967827
8127.49338607753	8.392660670654282
8245.710499580537	8.20757488896831
8365.647120594791	7.907178748664351
8487.328259932974	7.466286941871063
8610.77929219841	6.859495631347932
8736.025961076528	6.08013982390413
8863.094384703289	5.146178761648771
8992.011061111683	4.096081826490665
9122.802873757471	2.9974002056770064
9255.497097125279	1.92651619387226
9390.121402416245	0.9580751484384389
9526.7038633184	0.14474595566331264
9665.272961860968	-0.5030807846445111
9805.857594353829	-1.0082809963123962
9948.487077413367	-1.3969627086208556
10093.19115407597	-1.6900752084332458
10240.000000000457	-1.910793232492789
10388.944229760706	-2.08741606758994
10540.05490322983	-2.2447744827490492
10693.363532057198	-2.4066008071009746
10848.902086239672	-2.565281566705864
11006.703000788428	-2.706858580125393
11166.799182492743	-2.841518126032538
11329.224016782166	-2.9721263891727276
11494.0113746885	-3.07193423082161
11661.195619909053	-3.135563803695612
11830.811615972614	-3.1801845825904
12002.894733509682	-3.2014335628122526
12177.48085762842	-3.2051589464939307
12354.606395397908	-3.199177798132763
12534.308283440243	-3.1859774018725147
12716.62399563306	-3.1713801416633993
12901.591550924093	-3.1845082250298593
13089.249521259411	-3.294632296647557
13279.637039626952	-3.5984600312333144
13472.793808217073	-4.204050617961276
13668.760106701786	-5.2218001550479185
13867.576800634426	-6.750138915661273
14069.285349971487	-8.839875012773527
14273.927817718419	-11.451483998714739
14481.54687870117	-14.45277061750179
14692.18582846533	-17.602666280883515
14905.888592304698	-20.56118235941184
15122.699734421185	-22.979768936990844
15342.664467217943	-24.62234248304618
15565.828660727671	-25.50500070345263
15792.238852178061	-25.827379918050276
16021.942255696367	-25.80110537435037
16254.986772155136	-25.583736086346274
16491.42099916115	-25.32597443407147
16731.294241189662	-25.19714865549851
16974.65651986603	-25.322217412213693
17221.558584396902	-25.806352004981534
17472.051922153143	-26.70285430222884
17726.188769406665	-28.03588875633414
17984.022122223458	-29.796286075132247
18245.605747515034	-31.88618590274374
18510.99419425065	-34.204670040733255
18780.242804832582	-36.687094543820926
19053.40772663689	-39.27454597492258
19330.545923722028	-41.88760532460055
19611.71518870775	-44.24460292016119
19896.974154826825	-45.95922790437854
20186.382308152035	-46.66605128214122