20	7.629730172041058
20.290906698750476	7.637030380161458
20.586044732869844	7.644304316467096
20.885475648548283	7.651514589861752
21.189261887185914	7.658615339044455
21.49746679841394	7.665553135470853
21.810154653305165	7.672273407414937
22.12739065777668	7.678726026268063
22.449240966187475	7.6848662765537075
22.77577269513385	7.690653848538333
23.107053937445478	7.696055045088894
23.44315377638505	7.701045525392318
23.784142300054445	7.705607756500957
24.130090616010463	7.70973287062715
24.481070866093134	7.713417346243382
24.837156241469714	7.716660095685953
25.1984209978975	7.719466087020998
25.56494047120865	7.721844432954701
25.936791093020236	7.723804981016664
26.3140504066728	7.725355416165822
26.69679708340074	7.726498865683205
27.08511093873791	7.727231998931733
27.47907294916184	7.727543620220954
27.878765268980047	7.727413761037781
28.284271247461966	7.72681328771519
28.695675446220072	7.725704051620958
29.11306365684382	7.7240396205442865
29.536522918790062	7.7217666414861705
29.966141537533712	7.718826895810282
30.402009102982383	7.715160116903367
30.844216508158908	7.710705574470974
31.29285596815558	7.7053983559435055
31.74802103936409	7.699170816755679
32.20980663898519	7.691950134177295
32.67830906482211	7.683659092536537
33.153626015361866	7.674217349159124
33.63585661014871	7.663540618952518
34.125101410453844	7.651542822986459
34.62146244024586	7.638141063379873
35.12504320746613	7.62325465917032
35.635948725613716	7.606805020050144
36.15428553564419	7.58871996176491
36.68016172818701	7.568932391092233
37.21368696608603	7.547381532681515
37.754972507267915	7.524010695870354
38.30413122794313	7.498767122650566
38.86127764614443	7.471599153307177
39.4265279456077	7.442460087884675
40.000000000000206	7.411307733492993
40.58181339750116	7.378104619402664
41.1720894657399	7.342820892819329
41.77095129709678	7.305436948145332
42.37852377437204	7.265941175190436
42.9949335968281	7.224329037943133
43.62030930661056	7.180607501429545
44.25478131555359	7.134794880243272
44.89848193237519	7.0869212491655205
45.55154539026795	7.037031432030371
46.21410787489121	6.9851896091817
46.88630755277036	6.9314782128554775
47.56828460010916	6.875992184361233
48.260181232021196	6.818839546728242
48.962141732186545	6.760139879272235
49.674312482939705	6.700013190759689
50.39684199579528	6.638568226553117
51.129880942417586	6.575897707678514
51.873582186040764	6.5120768262033355
52.628100813345895	6.447166328782212
53.393594166801776	6.381212985553945
54.17022187747612	6.314253714003382
54.95814589832399	6.246316075508854
55.75753053796041	6.17741214432003
56.56854249492426	6.107531600320345
57.39135089244048	6.036640399389859
58.226127313687975	5.964692026185485
59.073045837580466	5.891636621156646
59.932283075067765	5.8174389840324165
60.804018205965114	5.742099307535769
61.68843301631817	5.66566474013339
62.58571193631152	5.58821729835662
63.49604207872855	5.509853816130392
64.41961327797075	5.430662385644866
65.35661812964459	5.350711761149933
66.3072520307241	5.2700583173093065
67.27171322029778	5.188757052140239
68.25020282090806	5.106872112813564
69.2429248804921	5.024476964314921
70.25008641493265	4.941650127413085
71.27189745122783	4.8584765917573876
72.30857107128878	4.775045522021923
73.36032345637442	4.69144411943872
74.42737393217246	4.607747168500088
75.50994501453623	4.524001562112762
76.60826245588666	4.440219857104759
77.72255529228926	4.356381351976306
78.85305589121582	4.272435923228383
80.00000000000082	4.188313583781191
81.16362679500274	4.103934692205909
82.34417893148023	4.019220302268925
83.541902594194	3.934094055148252
84.75704754874454	3.848489546344797
85.98986719365665	3.762349808346479
87.24061861322157	3.6756266736273226
88.50956263110764	3.5882874555540245
89.79696386475084	3.5003214701946073
91.10309078053635	3.4117418713679646
92.42821574978288	3.322586162756944
93.77261510554118	3.2329124536769696
95.13656920021877	3.1427945390449246
96.52036246404286	3.0523228960891626
97.92428346437356	2.9615973733969856
99.34862496587989	2.870713153367474
100.79368399159105	2.779750962791252
102.25976188483567	2.6887622944966796
103.74716437208203	2.597768617389778
105.25620162669229	2.5067738235419768
106.78718833360406	2.415773260575091
108.34044375495276	2.3247638102409303
109.9162917966485	2.233758144544869
111.51506107592134	2.142786134185155
113.13708498984903	2.0519006672466205
114.78270178488147	1.9611827246991953
116.45225462737648	1.8707337884372177
118.14609167516147	1.7806668117846944
119.86456615013608	1.6910894201661169
121.60803641193078	1.6020962455836056
123.3768660326369	1.5137691613617652
125.17142387262359	1.426194183510974
126.99208415745765	1.3394676295773722
128.83922655594208	1.2536972608189638
130.71323625928977	1.1689975004552413
132.61450406144883	1.08547161011963
134.5434264405962	1.0032021657884502
136.50040564181674	0.9222424815078917
138.48584976098482	0.8426091187801825
140.50017282986593	0.7642830362489516
142.5437949024563	0.6871989642462956
144.61714214257822	0.6112444059278525
146.7206469127495	0.5362716049381149
148.8547478643456	0.46211962158146647
151.01989002907314	0.3886264765373214
153.216524911774	0.3156346121875159
155.4451105845792	0.2429997948329351
157.70611178243232	0.17060726176052346
160.00000000000236	0.09837587288578359
162.3272535900062	0.026258230620670016
164.6883578629612	-0.045759810630013366
167.08380518838874	-0.11766000645528267
169.51409509748981	-0.18939273775610915
171.97973438731407	-0.2608784763468357
174.4812372264439	-0.33201004386127286
177.01912526221608	-0.4026553129838436
179.5939277295025	-0.47266095571225253
182.20618156107355	-0.5418578457949088
184.85643149956664	-0.6100681725131438
187.54523021108326	-0.6771095983510039
190.27313840043846	-0.7427889719875505
193.04072492808663	-0.8069121536555708
195.84856692874806	-0.8692940827104845
198.69724993176072	-0.9297654376786618
201.58736798318304	-0.9881765972333157
204.5195237696723	-1.0444075827549997
207.49432874416505	-1.0983676709526413
210.5124032533856	-1.149985635426117
213.57437666720915	-1.19920929482369
216.68088750990657	-1.2460049482589837
219.83258359329807	-1.2903435403625951
223.03012215184378	-1.3321949532047443
226.2741699796992	-1.3715466199641655
229.5654035697641	-1.408412161846714
232.90450925475412	-1.442820879538763
236.2921833503241	-1.4748045399248342
239.72913230027333	-1.5044033014968048
243.21607282386276	-1.5316800915738225
246.75373206527502	-1.556707220700174
250.34284774524843	-1.5795596524784021
253.9841683149166	-1.6003216383657426
257.67845311188546	-1.6190789648858948
261.42647251858085	-1.6359123221581753
265.22900812289896	-1.6508984679590795
269.08685288119375	-1.664104645679301
273.0008112836349	-1.6755864978741075
276.97169952197106	-1.6853933045390774
281.00034565973334	-1.6935806307709322
285.0875898049141	-1.7002262279366573
289.23428428515797	-1.7054302939074117
293.44129382550057	-1.7092965400188591
297.7094957286928	-1.7119273007023452
302.0397800581479	-1.7134251186359013
306.4330498235497	-1.7138845727099168
310.89022116916016	-1.7133851934150803
315.41222356486645	-1.711989051978388
320.00000000000654	-1.7097428537155044
324.6545071800142	-1.706684433025835
329.3767157259242	-1.7028528311263231
334.16761037677935	-1.6982927700378885
339.02819019498156	-1.6930428064070293
343.95946877463007	-1.6871470828975867
348.9624744528898	-1.6806623430043064
354.03825052443415	-1.6736569251678546
359.187855459007	-1.6661978105102362
364.4123631221491	-1.658346556360484
369.71286299913527	-1.6501628892776519
375.0904604221685	-1.6416860317321107
380.54627680087896	-1.6329420674775554
386.08144985617537	-1.623946086609917
391.6971338574982	-1.6147010169986484
397.3944998635236	-1.6052064270113109
403.1747359663683	-1.5954461828982927
409.0390475393468	-1.5853983938971576
414.9886574883323	-1.5750264438542831
421.0248065067734	-1.5642928068187412
427.1487533344206	-1.553153916767396
433.3617750198154	-1.5415790499427973
439.6651671865984	-1.529540355526075
446.06024430368984	-1.5170085240622222
452.54833995940066	-1.5039775679586127
459.13080713953053	-1.4904614046684588
465.8090185095106	-1.476483716233272
472.58436670065066	-1.4620709182705227
479.45826460054917	-1.4472482480537945
486.432145647728	-1.4320389734243202
493.50746413055253	-1.4164666730065059
500.6856954904994	-1.4005606017973093
507.9683366298358	-1.3843641143036642
515.3569062237735	-1.3679324728200486
522.8529450371643	-1.3512925046609057
530.4580162458005	-1.3344444097426653
538.1737057623901	-1.3173791936652874
546.0016225672724	-1.3000985431080967
553.9433990439449	-1.2826224114433324
562.0006913194694	-1.2649429727800654
570.1751796098309	-1.2469854661068125
578.4685685703187	-1.2286114542245319
586.8825876510039	-1.209646870751745
595.4189914573883	-1.1899183719082587
604.0795601162986	-1.169296714894278
612.8660996471021	-1.1477407984433659
621.780442338323	-1.1253026823380945
630.8244471297356	-1.1020688447418465
640.0000000000159	-1.0781073877503402
649.3090143600314	-1.053469080594811
658.7534314518515	-1.0281719403171299
668.3352207535618	-1.0022186741443244
678.0563803899662	-0.9756172774434286
687.9189375492632	-0.9484149823649894
697.9249489057827	-0.9206857827870075
708.0765010488715	-0.8925094349387718
718.3757109180171	-0.8639557510247142
728.8247262443015	-0.8350739250455423
739.425725998274	-0.805886017755793
750.1809208443404	-0.7763846569461402
761.0925536017613	-0.7465346918427612
772.1628997123541	-0.716279177648083
783.3942677149998	-0.6855502721809444
794.7889997270506	-0.6542860649603038
806.34947193274	-0.6224309418829419
818.0780950786972	-0.589872598694801
829.9773149766683	-0.5564587001715162
842.0496130135506	-0.5220380954875381
854.2975066688449	-0.486470189546175
866.7235500396347	-0.4496305172626637
879.3303343732008	-0.41142655016327223
892.1204886073838	-0.3717477184472116
905.0966799188055	-0.3305064209071794
918.2616142790653	-0.28768670554386977
931.6180370190256	-0.24334491765701804
945.1687334013056	-0.197527747819878
958.9165292011028	-0.15021989827557902
972.8642912954606	-0.10137225104898709
987.0149282611097	-0.050939660145067026
1001.3713909810035	0.0011712519580898695
1015.9366732596762	0.05512406555129193
1030.7138124475518	0.1111190142877961
1045.7058900743334	0.16943566114616848
1060.916032491606	0.23042091176397025
1076.3474115247852	0.29436756369260975
1092.0032451345498	0.3614679511768892
1107.8867980878947	0.43185355671505576
1124.0013826389438	0.5056107411041852
1140.350359219667	0.5827564092029006
1156.9371371406426	0.6632637787372925
1173.765175302013	0.7470956866026577
1190.837982914782	0.8342826579392673
1208.1591202326028	0.9248387445023333
1225.73219929421	1.0187595131092841
1243.5608846766518	1.1161034403558883
1261.648894259477	1.2168570997215613
1280.0000000000375	1.3207571372879845
1298.6180287200684	1.4273627949838015
1317.5068629037087	1.5361529240275609
1336.6704415071292	1.64663835485271
1356.112760779938	1.758393716960022
1375.8378750985323	1.8709991053753703
1395.8498978115715	1.9841260905624074
1416.153002097749	2.097651961615387
1436.7514218360407	2.2117542091091185
1457.6494524886093	2.326925143022416
1478.8514519965543	2.443837392419527
1500.3618416886875	2.5632642186846284
1522.1851072035295	2.685816332768663
1544.3257994247153	2.8118424520706458
1566.788535430007	2.941611470284753
1589.5779994541087	3.075477123383229
1612.6989438654878	3.2138605196788035
1636.156190157402	3.3569878656984273
1659.9546299533442	3.5049112970968435
1684.099226027109	3.657749832862983
1708.5950133376978	3.815718562126732
1733.4471000792773	3.9788917458856456
1758.6606687464096	4.147107230850273
1784.2409772147755	4.320134837963948
1810.193359837619	4.497717078589717
1836.5232285581387	4.6794798933870805
1863.2360740380593	4.864817979598825
1890.3374668026197	5.052798038235297
1917.833058402214	5.242243680773599
1945.7285825909298	5.431775928495736
1974.0298565222283	5.61986955370742
2002.7427819620161	5.805233485664174
2031.8733465193618	5.987187343954258
2061.4276248951132	6.165978384520773
2091.411780148677	6.342458596233207
2121.832064983222	6.517455967892643
2152.694823049581	6.691472435811472
2184.0064902691106	6.864602449345914
2215.7735961758003	7.036533050150248
2248.002765277899	7.206605371705806
2280.7007184393456	7.373902186025086
2313.874274281297	7.537221774252786
2347.530350604038	7.695180556293035
2381.6759658295764	7.846484354187106
2416.318240465218	7.990658247842564
2451.4643985884327	8.127774724349274
2487.1217693533167	8.258012245267665
2523.2977885189675	8.381435011557414
2560.0000000000887	8.4983006220177
2597.236057440151	8.608839607928779
2635.0137258074315	8.71275619119814
2673.340883014273	8.809526558794337
2712.225521559891	8.898825283873315
2751.6757501970797	8.980289337327592
2791.699795623158	9.05338430439466
2832.3060041955137	9.117922772206184
2873.502843672097	9.17476414344256
2915.2989049772345	9.225289445551356
2957.7029039931244	9.2704992947869
3000.723683377391	9.310823369926663
3044.370214407075	9.346054093538958
3088.6515988494466	9.37550675188939
3133.57707086003	9.397995347444326
3179.1559989082334	9.412392549539536
3225.3978877309914	9.41864079368623
3272.3123803148205	9.417605623191916
3319.9092599067053	9.410265096713994
3368.198452054235	9.396922567540843
3417.190026675413	9.377708175154634
3466.8942001585724	9.352834649072772
3517.3213374928373	9.322373863805653
3568.4819544295697	9.286160189872437
3620.386719675257	9.244723965110834
3673.0464571162966	9.199217056354067
3726.472148076138	9.15091940016823
3780.6749336052594	9.100485049978417
3835.6661168044484	9.048136347115861
3891.45716518188	8.993753714014405
3948.059713044477	8.937247400520127
4005.4855639240527	8.878226669185988
4063.746693038744	8.816198102281119
4122.855249790247	8.751595338973166
4182.823560297375	8.685092795856962
4243.664129966465	8.61693990110546
4305.389646099183	8.546876562900847
4368.012980538242	8.474826097436873
4431.5471923516225	8.400700879211294
4496.00553055582	8.324289488565253
4561.401436878714	8.245555887955828
4627.748548562617	8.164912322493157
4695.060701208099	8.08293837820138
4763.351931659176	8.000137736831277
4832.63648093046	7.91733382764078
4902.928797176889	7.835349780288638
4974.243538706657	7.755630990859563
5046.595577037959	7.679120456951987
5120.000000000202	7.604798887371419
5194.472114880326	7.5307311806138975
5270.027451614888	7.455200635263891
5346.6817660285715	7.377414353024204
5424.451043119808	7.298234191337824
5503.351500394186	7.219691630430803
5583.399591246343	7.14325961176063
5664.612008391055	7.069507606298669
5747.005687344222	6.9976171224119375
5830.597809954497	6.924461963869486
5915.405807986278	6.8456389324136735
6001.447366754812	6.756404690869823
6088.740428814181	6.654437563072946
6177.303197698925	6.54286045792506
6267.154141720092	6.426428914391422
6358.3119978165005	6.308111802825443
6450.795775462017	6.188733631922025
6544.624760629676	6.067522541997963
6639.818519813445	5.941653583541613
6736.396904108505	5.8069873637919045
6834.380053350861	5.661859760913498
6933.788400317181	5.507296613776633
7034.642674985712	5.342278330464984
7136.963908859177	5.1642359105901035
7240.773439350552	4.9731199524090455
7346.092914232631	4.773570978160428
7452.944296152315	4.571251449599551
7561.349867210557	4.370123978353594
7671.332233608935	4.171260718494238
7782.914330363799	3.972304684499979
7896.119426088994	3.7691286548163148
8010.971127848146	3.5557533344418384
8127.49338607753	3.329212138553738
8245.710499580537	3.092557644657576
8365.647120594791	2.8484700423115266
8487.328259932974	2.5969081166887737
8610.77929219841	2.3355192816805213
8736.025961076528	2.066075207336997
8863.094384703289	1.7905361484814277
8992.011061111683	1.5083598707894974
9122.802873757471	1.2172704155423195
9255.497097125279	0.9175419882579814
9390.121402416245	0.6113089908449807
9526.7038633184	0.29875173388567156
9665.272961860968	-0.02015532590876506
9805.857594353829	-0.34046903739599904
9948.487077413367	-0.6565261649598668
10093.19115407597	-0.9632411105288156
10240.000000000457	-1.2595715262467808
10388.944229760706	-1.5503147314667194
10540.05490322983	-1.8409926522912612
10693.363532057198	-2.1356888941548946
10848.902086239672	-2.436086723752462
11006.703000788428	-2.7408891686522625
11166.799182492743	-3.050172764753475
11329.224016782166	-3.3652767820766325
11494.0113746885	-3.683665740937803
11661.195619909053	-3.99871042740806
11830.811615972614	-4.302197056020863
12002.894733509682	-4.590994799352101
12177.48085762842	-4.869807655690248
12354.606395397908	-5.145895276687718
12534.308283440243	-5.424364268791005
12716.62399563306	-5.706786503138104
12901.591550924093	-5.991031850610041
13089.249521259411	-6.272833060194487
13279.637039626952	-6.548575811391608
13472.793808217073	-6.817465791634192
13668.760106701786	-7.0839056528985616
13867.576800634426	-7.346970975324874
14069.285349971487	-7.604722624686337
14273.927817718419	-7.8547928360683406
14481.54687870117	-8.099683249696755
14692.18582846533	-8.34517794936155
14905.888592304698	-8.604082895018909
15122.699734421185	-8.893084224074892
15342.664467217943	-9.20752960440379
15565.828660727671	-9.530544092670056
15792.238852178061	-9.862257290326655
16021.942255696367	-10.227626290989908
16254.986772155136	-10.650923609892459
16491.42099916115	-11.100791604689327
16731.294241189662	-11.561410773898501
16974.65651986603	-12.055956198248875
17221.558584396902	-12.621527662534561
17472.051922153143	-13.231746181141357
17726.188769406665	-13.857393598591917
17984.022122223458	-14.522199930125215
18245.605747515034	-15.258155805523268
18510.99419425065	-16.039861983563753
18780.242804832582	-16.839309583147276
19053.40772663689	-17.680227965710113
19330.545923722028	-18.598055079515884
19611.71518870775	-19.531344410918486
19896.974154826825	-20.292462342385306
20186.382308152035	-20.6807094902907