20	8.260179495329819
20.290906698750476	8.256046115550884
20.586044732869844	8.25190734846323
20.885475648548283	8.247754733876125
21.189261887185914	8.243576741468308
21.49746679841394	8.239359460139356
21.810154653305165	8.235087186858156
22.12739065777668	8.230742920613569
22.449240966187475	8.226308768228133
22.77577269513385	8.221766269525197
23.107053937445478	8.217096649716147
23.44315377638505	8.212281006963156
23.784142300054445	8.207300442933384
24.130090616010463	8.202136143845305
24.481070866093134	8.196769419062276
24.837156241469714	8.191181703752015
25.1984209978975	8.185354531536959
25.56494047120865	8.17926948243715
25.936791093020236	8.172908110777799
26.3140504066728	8.166251857116395
26.69679708340074	8.159281947654176
27.08511093873791	8.15197928404546
27.47907294916184	8.144324326014202
27.878765268980047	8.136296968736838
28.284271247461966	8.127876416558003
28.695675446220072	8.119041054273891
29.11306365684382	8.109768316948708
29.536522918790062	8.100034559022637
29.966141537533712	8.089814923325706
30.402009102982383	8.07908321052932
30.844216508158908	8.067811749545587
31.29285596815558	8.05597126942159
31.74802103936409	8.04353077337076
32.20980663898519	8.030457415733055
32.67830906482211	8.016716382858862
33.153626015361866	8.002270779164258
33.63585661014871	7.987081519905078
34.125101410453844	7.971107232559564
34.62146244024586	7.954304169089629
35.12504320746613	7.936626131762542
35.635948725613716	7.918024415651059
36.15428553564419	7.898447771381514
36.68016172818701	7.87784239215517
37.21368696608603	7.856151929515448
37.754972507267915	7.833317542756973
38.30413122794313	7.809277987253721
38.86127764614443	7.783969747302436
39.4265279456077	7.757327219310388
40.000000000000206	7.729282951277243
40.58181339750116	7.699767944500475
41.1720894657399	7.668712023241599
41.77095129709678	7.636044277693097
42.37852377437204	7.601693584950089
42.9949335968281	7.565589211782167
43.62030930661056	7.527661501787206
44.25478131555359	7.487842647960866
44.89848193237519	7.4460675498084585
45.55154539026795	7.402274751843187
46.21410787489121	7.356407457650011
46.88630755277036	7.30841461065414
47.56828460010916	7.258252029342094
48.260181232021196	7.205883580985027
48.962141732186545	7.151282373978204
49.674312482939705	7.094431944832733
50.39684199579528	7.035327411763863
51.129880942417586	6.97397656287319
51.873582186040764	6.91040084331444
52.628100813345895	6.844636202788522
53.393594166801776	6.776733762489016
54.17022187747612	6.70676025948947
54.95814589832399	6.634798226817595
55.75753053796041	6.56094586938304
56.56854249492426	6.485316599777448
57.39135089244048	6.4080382039641375
58.226127313687975	6.329251615162776
59.073045837580466	6.249109284851195
59.932283075067765	6.167773152656673
60.804018205965114	6.085412231736918
61.68843301631817	6.002199842616534
62.58571193631152	5.918310545716466
63.49604207872855	5.833916840172565
64.41961327797075	5.749185713005574
65.35661812964459	5.66427513718714
66.3072520307241	5.57933062851433
67.27171322029778	5.494481978381366
68.25020282090806	5.409840281603098
69.2429248804921	5.325495374748992
70.25008641493265	5.241513790700231
71.27189745122783	5.157937319490528
72.30857107128878	5.074782244540319
73.36032345637442	4.992039298193658
74.42737393217246	4.909674352439852
75.50994501453623	4.827629831524291
76.60826245588666	4.745826804608647
77.72255529228926	4.664167690455251
78.85305589121582	4.582539483797754
80.00000000000082	4.5008173957930655
81.16362679500274	4.418868789474844
82.34417893148023	4.3365572857311605
83.541902594194	4.253746915843984
84.75704754874454	4.170306202499394
85.98986719365665	4.086112061541669
87.24061861322157	4.0010534305360865
88.50956263110764	3.915034546261359
89.79696386475084	3.8279778104112134
91.10309078053635	3.7398261999658073
92.42821574978288	3.650545194959838
93.77261510554118	3.560124210970512
95.13656920021877	3.468577536020743
96.52036246404286	3.375944781391425
97.92428346437356	3.28229086290607
99.34862496587989	3.1877055336134426
100.79368399159105	3.0923024906252348
102.25976188483567	2.996218078475047
103.74716437208203	2.899609609169419
105.25620162669229	2.8026533156096898
106.78718833360406	2.705541950857069
108.34044375495276	2.608482041435275
109.9162917966485	2.511690799208656
111.51506107592134	2.4153926940723527
113.13708498984903	2.3198156895084936
114.78270178488147	2.225187145778965
116.45225462737648	2.1317294019168296
118.14609167516147	2.0396550584883166
119.86456615013608	1.9491619989895284
121.60803641193078	1.8604282092392248
123.3768660326369	1.7736064815220638
125.17142387262359	1.6888191234644718
126.99208415745765	1.606152830117703
128.83922655594208	1.5256539202037702
130.71323625928977	1.4473241817338272
132.61450406144883	1.3711176148212965
134.5434264405962	1.2969383956183698
136.50040564181674	1.224640408402712
138.48584976098482	1.1540286947758558
140.50017282986593	1.0848631402021156
142.5437949024563	1.0168646487101425
144.61714214257822	0.9497239375988452
146.7206469127495	0.8831129102081519
148.8547478643456	0.816698338152122
151.01989002907314	0.7501573178151423
153.216524911774	0.6831936864638508
155.4451105845792	0.6155543326599138
157.70611178243232	0.5470441655350323
160.00000000000236	0.4775384693364819
162.3272535900062	0.40699149931520817
164.6883578629612	0.3354404774144355
167.08380518838874	0.26300458676857713
169.51409509748981	0.18987907282421507
171.97973438731407	0.11632504795544574
174.4812372264439	0.04265598401288474
177.01912526221608	-0.03077789078061874
179.5939277295025	-0.10360601386593532
182.20618156107355	-0.17545354481461695
184.85643149956664	-0.2459560742964353
187.54523021108326	-0.3147722662822203
190.27313840043846	-0.3815939909383118
193.04072492808663	-0.4461537617015825
195.84856692874806	-0.508229503948608
198.69724993176072	-0.5676468450032117
201.58736798318304	-0.6242792254109357
204.5195237696723	-0.6780461945811334
207.49432874416505	-0.728910278128768
210.5124032533856	-0.7768727985498722
213.57437666720915	-0.8219690039160823
216.68088750990657	-0.8642628187202464
219.83258359329807	-0.9038414831586512
223.03012215184378	-0.9408102969230119
226.2741699796992	-0.9752876346320254
229.5654035697641	-1.007400354860814
232.90450925475412	-1.037279684881681
236.2921833503241	-1.0650576294999343
239.72913230027333	-1.090863924944069
243.21607282386276	-1.114823537390002
246.75373206527502	-1.1370546897814946
250.34284774524843	-1.1576673893581848
253.9841683149166	-1.1767624208059841
257.67845311188546	-1.1944307652531
261.42647251858085	-1.2107534025365023
265.22900812289896	-1.2258014524451326
269.08685288119375	-1.2396366093496503
273.0008112836349	-1.2523118232963004
276.97169952197106	-1.2638721790513507
281.00034565973334	-1.274355922761361
285.0875898049141	-1.2837955841203945
289.23428428515797	-1.2922191407024786
293.44129382550057	-1.2996511710735592
297.7094957286928	-1.3061139451429786
302.0397800581479	-1.3116284045719122
306.4330498235497	-1.3162149933123046
310.89022116916016	-1.319894308502111
315.41222356486645	-1.3226875544871646
320.00000000000654	-1.3246167966644886
324.6545071800142	-1.3257050257831064
329.3767157259242	-1.3259760558721898
334.16761037677935	-1.3254542888798144
339.02819019498156	-1.3241643855695762
343.95946877463007	-1.3221308848697788
348.9624744528898	-1.3193778127884643
354.03825052443415	-1.3159283176676457
359.187855459007	-1.3118043617008321
364.4123631221491	-1.3070264901890207
369.71286299913527	-1.3016136909184917
375.0904604221685	-1.2955833472115643
380.54627680087896	-1.2889512803982277
386.08144985617537	-1.2817318712497043
391.6971338574982	-1.2739382456202168
397.3944998635236	-1.2655825072181375
403.1747359663683	-1.2566759999040662
409.0390475393468	-1.2472295828554616
414.9886574883323	-1.237253903911827
421.0248065067734	-1.2267596589549266
427.1487533344206	-1.2157578278539638
433.3617750198154	-1.2042598799718853
439.6651671865984	-1.192277944251146
446.06024430368984	-1.1798249403465528
452.54833995940066	-1.1669146681160603
459.13080713953053	-1.1535618530720861
465.8090185095106	-1.1397821452614234
472.58436670065066	-1.125592068633806
479.45826460054917	-1.1110089174402278
486.432145647728	-1.0960505957720876
493.50746413055253	-1.0807353962692468
500.6856954904994	-1.0650817145821323
507.9683366298358	-1.0491076976333167
515.3569062237735	-1.0328308262346901
522.8529450371643	-1.0162674361298136
530.4580162458005	-0.9994321857746391
538.1737057623901	-0.9823374836986769
546.0016225672724	-0.9649928925960977
553.9433990439449	-0.9474045308918447
562.0006913194694	-0.9295744949851653
570.1751796098309	-0.9115003264134469
578.4685685703187	-0.8931745477314073
586.8825876510039	-0.8745842890703566
595.4189914573883	-0.8557110243276442
604.0795601162986	-0.8365304319768796
612.8660996471021	-0.8170123908409034
621.780442338323	-0.7971211161155802
630.8244471297356	-0.7768154357932161
640.0000000000159	-0.7560492027739668
649.3090143600314	-0.734771833751552
658.7534314518515	-0.7129289627690378
668.3352207535618	-0.6904631954317979
678.0563803899662	-0.6673149493071816
687.9189375492632	-0.6434233670461377
697.9249489057827	-0.618727290975564
708.0765010488715	-0.5931662907589248
718.3757109180171	-0.5666817383999556
728.8247262443015	-0.5392179264701954
739.425725998274	-0.5107232251227696
750.1809208443404	-0.4811512704844652
761.0925536017613	-0.45046217083789863
772.1628997123541	-0.41862370729959136
783.3942677149998	-0.38561249262474134
794.7889997270506	-0.35141503624498366
806.34947193274	-0.3160286474134504
818.0780950786972	-0.27946209369032843
829.9773149766683	-0.24173592148161652
842.0496130135506	-0.20288234145365436
854.2975066688449	-0.16294458662872763
866.7235500396347	-0.121975666472991
879.3303343732008	-0.0800364669871042
892.1204886073838	-0.03719318410210634
905.0966799188055	0.006485876254868961
918.2616142790653	0.050934045949462825
931.6180370190256	0.09609045014470358
945.1687334013056	0.14190437757377497
958.9165292011028	0.1883396269515549
972.8642912954606	0.23537855806071675
987.0149282611097	0.2830255617361415
1001.3713909810035	0.3313096721210574
1015.9366732596762	0.3802860802843498
1030.7138124475518	0.4300363707194616
1045.7058900743334	0.480667387852505
1060.916032491606	0.532308741421102
1076.3474115247852	0.5851090680166445
1092.0032451345498	0.6392312710702825
1107.8867980878947	0.6948470532627911
1124.0013826389438	0.752131124343919
1140.350359219667	0.8112555050713262
1156.9371371406426	0.8723843478072525
1173.765175302013	0.9356696533260926
1190.837982914782	1.001248183900231
1208.1591202326028	1.0692397631275703
1225.73219929421	1.1397470263276983
1243.5608846766518	1.2128565566692118
1261.648894259477	1.288641226168898
1280.0000000000375	1.3671634697304476
1298.6180287200684	1.44847916275469
1317.5068629037087	1.532641752603263
1336.6704415071292	1.6197063121972162
1356.112760779938	1.7097332380502648
1375.8378750985323	1.8027913995943372
1395.8498978115715	1.8989606527409484
1416.153002097749	1.9983337465171782
1436.7514218360407	2.1010177645622186
1457.6494524886093	2.2071353393313276
1478.8514519965543	2.316825942100166
1500.3618416886875	2.4302475750226726
1522.1851072035295	2.5475791651408075
1544.3257994247153	2.6690238814879907
1566.788535430007	2.7948134681496444
1589.5779994541087	2.9252135173306733
1612.6989438654878	3.0605294125454634
1636.156190157402	3.2011124723869453
1659.9546299533442	3.347365639354033
1684.099226027109	3.4997479023715816
1708.5950133376978	3.6587765293900585
1733.4471000792773	3.825026128122213
1758.6606687464096	3.999123554226271
1784.2409772147755	4.181737745739564
1810.193359837619	4.373563670390641
1836.5232285581387	4.575299712134184
1863.2360740380593	4.787617976782645
1890.3374668026197	5.011127155803437
1917.833058402214	5.246327766470429
1945.7285825909298	5.493559829044432
1974.0298565222283	5.7529434224015565
2002.7427819620161	6.0243131840851945
2031.8733465193618	6.307148821367415
2061.4276248951132	6.600505213059216
2091.411780148677	6.902947782284669
2121.832064983222	7.2125014090847115
2152.694823049581	7.526623829287171
2184.0064902691106	7.842216454622726
2215.7735961758003	8.155685727332964
2248.002765277899	8.463065232638236
2280.7007184393456	8.760201864504353
2313.874274281297	9.042998318161587
2347.530350604038	9.307690554532604
2381.6759658295764	9.551125926460733
2416.318240465218	9.770999834962533
2451.4643985884327	9.966010104444166
2487.1217693533167	10.13590020824728
2523.2977885189675	10.281382647587744
2560.0000000000887	10.403956416097138
2597.236057440151	10.505650809019507
2635.0137258074315	10.588737098720681
2673.340883014273	10.655448848623612
2712.225521559891	10.707743488843953
2751.6757501970797	10.747126532100713
2791.699795623158	10.774549226259806
2832.3060041955137	10.790382287888818
2873.502843672097	10.794462233034519
2915.2989049772345	10.786201109380233
2957.7029039931244	10.764743855546545
3000.723683377391	10.729150413805195
3044.370214407075	10.67857444090789
3088.6515988494466	10.612410285445387
3133.57707086003	10.530386902599512
3179.1559989082334	10.432600503408008
3225.3978877309914	10.319492729930767
3272.3123803148205	10.19179261574519
3319.9092599067053	10.050444879239697
3368.198452054235	9.896543916489414
3417.190026675413	9.731284826189512
3466.8942001585724	9.555933697389936
3517.3213374928373	9.37181238256625
3568.4819544295697	9.180289618447743
3620.386719675257	8.982770528691871
3673.0464571162966	8.780679055836915
3726.472148076138	8.575431243316737
3780.6749336052594	8.368400375389896
3835.6661168044484	8.160877243283993
3891.45716518188	7.954030158425558
3948.059713044477	7.748869772837599
4005.4855639240527	7.546223304788259
4063.746693038744	7.3467215554259155
4122.855249790247	7.150800389636473
4182.823560297375	6.958716438754341
4243.664129966465	6.77057503143541
4305.389646099183	6.5863671066367395
4368.012980538242	6.406011199337579
4431.5471923516225	6.2293963912793675
4496.00553055582	6.05642219571531
4561.401436878714	5.887031507860654
4627.748548562617	5.721233149034111
4695.060701208099	5.559111588989639
4763.351931659176	5.400823087469863
4832.63648093046	5.2465792704329965
4902.928797176889	5.096620903985468
4974.243538706657	4.951186275421407
5046.595577037959	4.810479868180473
5120.000000000202	4.674647616738451
5194.472114880326	4.543764384773864
5270.027451614888	4.41783691979361
5346.6817660285715	4.296822165914658
5424.451043119808	4.180658203238056
5503.351500394186	4.069303507673716
5583.399591246343	3.962778737164097
5664.612008391055	3.8612037237361503
5747.005687344222	3.764821711699008
5830.597809954497	3.6740044544118113
5915.405807986278	3.5892360780351553
6001.447366754812	3.5110788322300217
6088.740428814181	3.4401268120848845
6177.303197698925	3.376953437930078
6267.154141720092	3.322056825830346
6358.3119978165005	3.275807038644282
6450.795775462017	3.2384004904360033
6544.624760629676	3.209827201490556
6639.818519813445	3.1898559757262808
6736.396904108505	3.1780437706087263
6834.380053350861	3.173777044368612
6933.788400317181	3.1763438427221726
7034.642674985712	3.185007591018362
7136.963908859177	3.199018291120048
7240.773439350552	3.217484649082949
7346.092914232631	3.2390770159048548
7452.944296152315	3.2616401115593248
7561.349867210557	3.281907771979465
7671.332233608935	3.295535106227073
7782.914330363799	3.2975438690061907
7896.119426088994	3.2830691602733584
8010.971127848146	3.248137392569942
8127.49338607753	3.190208766449184
8245.710499580537	3.108364816501042
8365.647120594791	3.0031725781123244
8487.328259932974	2.876296406156556
8610.77929219841	2.7299028691394716
8736.025961076528	2.565957054018013
8863.094384703289	2.3856624431859808
8992.011061111683	2.189374910990066
9122.802873757471	1.977131964474742
9255.497097125279	1.7495211214627546
9390.121402416245	1.5082943985548238
9526.7038633184	1.256243190393401
9665.272961860968	0.9963667425483489
9805.857594353829	0.7309118779428062
9948.487077413367	0.4609796405833993
10093.19115407597	0.18696939998939993
10240.000000000457	-0.09048593122531673
10388.944229760706	-0.36975002164349907
10540.05490322983	-0.64802875625953
10693.363532057198	-0.9218126748096436
10848.902086239672	-1.1875731445907511
11006.703000788428	-1.4423306364590227
11166.799182492743	-1.6838559276586642
11329.224016782166	-1.9104979193264706
11494.0113746885	-2.1208833370693077
11661.195619909053	-2.3138285538148384
11830.811615972614	-2.488614140827015
12002.894733509682	-2.6454263547974355
12177.48085762842	-2.7856380685426854
12354.606395397908	-2.911832499924291
12534.308283440243	-3.027699692379791
12716.62399563306	-3.137855887541309
12901.591550924093	-3.247421018815376
13089.249521259411	-3.3612625020603106
13279.637039626952	-3.4831910202669705
13472.793808217073	-3.615584544041655
13668.760106701786	-3.7596023899257434
13867.576800634426	-3.915618494625954
14069.285349971487	-4.083122538178812
14273.927817718419	-4.259416153852673
14481.54687870117	-4.437354186788354
14692.18582846533	-4.604062523212952
14905.888592304698	-4.743559562075588
15122.699734421185	-4.844044957458389
15342.664467217943	-4.905658661670533
15565.828660727671	-4.942226023085177
15792.238852178061	-4.974855449904889
16021.942255696367	-5.022157323364487
16254.986772155136	-5.0941970423260265
16491.42099916115	-5.193217413350718
16731.294241189662	-5.318074143631099
16974.65651986603	-5.467700148511667
17221.558584396902	-5.64200587913254
17472.051922153143	-5.841017214257399
17726.188769406665	-6.063192515226524
17984.022122223458	-6.304113664448731
18245.605747515034	-6.55694704242355
18510.99419425065	-6.815157450938495
18780.242804832582	-7.076262665150343
19053.40772663689	-7.342615646601938
19330.545923722028	-7.614835042534579
19611.71518870775	-7.882058538969422
19896.974154826825	-8.125694762956924
20186.382308152035	-8.343700922746448