20	91.37417992037597
20.290906698750476	91.39407684604404
20.586044732869844	91.41394710095184
20.885475648548283	91.43375896301889
21.189261887185914	91.45348067814572
21.49746679841394	91.47308336248703
21.810154653305165	91.49253971343406
22.12739065777668	91.51182222741863
22.449240966187475	91.53090230527651
22.77577269513385	91.54974928586357
23.107053937445478	91.56832644482087
23.44315377638505	91.58658197994569
23.784142300054445	91.60443679504192
24.130090616010463	91.62177332438057
24.481070866093134	91.63843210769978
24.837156241469714	91.65422028093852
25.1984209978975	91.66893062957655
25.56494047120865	91.68236492466458
25.936791093020236	91.69435253079645
26.3140504066728	91.70475799415397
26.69679708340074	91.7134758157192
27.08511093873791	91.72041901385415
27.47907294916184	91.72551125288204
27.878765268980047	91.72868720721137
28.284271247461966	91.72990013717884
28.695675446220072	91.72913086823412
29.11306365684382	91.72639069579017
29.536522918790062	91.72171472971148
29.966141537533712	91.71515108105736
30.402009102982383	91.7067530314868
30.844216508158908	91.69657859245645
31.29285596815558	91.68469456307953
31.74802103936409	91.67117735930461
32.20980663898519	91.6561064174345
32.67830906482211	91.63955277360331
33.153626015361866	91.6215757083784
33.63585661014871	91.60223316106448
34.125101410453844	91.58159546959226
34.62146244024586	91.5597433959131
35.12504320746613	91.53674181286873
35.635948725613716	91.5126098661426
36.15428553564419	91.48731647892743
36.68016172818701	91.46080460507167
37.21368696608603	91.43302384514874
37.754972507267915	91.40394990272351
38.30413122794313	91.37358629314971
38.86127764614443	91.34195850537752
39.4265279456077	91.30910897748137
40.000000000000206	91.27509475723659
40.58181339750116	91.2399803047337
41.1720894657399	91.20382095955716
41.77095129709678	91.16666470601623
42.37852377437204	91.12859746417443
42.9949335968281	91.08977693837834
43.62030930661056	91.0503590587386
44.25478131555359	91.01037256761037
44.89848193237519	90.96973088017567
45.55154539026795	90.92835504075245
46.21410787489121	90.886189868335
46.88630755277036	90.84313859481651
47.56828460010916	90.79911829482695
48.260181232021196	90.75407285798077
48.962141732186545	90.70772394368647
49.674312482939705	90.65949549150002
50.39684199579528	90.60896634009454
51.129880942417586	90.55621089119326
51.873582186040764	90.50156460286293
52.628100813345895	90.44531430017798
53.393594166801776	90.38771179986524
54.17022187747612	90.32898404799136
54.95814589832399	90.26927243931594
55.75753053796041	90.20866342650483
56.56854249492426	90.14720336246636
57.39135089244048	90.08488425619899
58.226127313687975	90.02168606263963
59.073045837580466	89.9576059171384
59.932283075067765	89.8926532468375
60.804018205965114	89.82685029068958
61.68843301631817	89.76022262410497
62.58571193631152	89.69277772187131
63.49604207872855	89.62449543501009
64.41961327797075	89.55533843657759
65.35661812964459	89.48526410078412
66.3072520307241	89.41423571801057
67.27171322029778	89.34222968594483
68.25020282090806	89.26924473689927
69.2429248804921	89.19530475753061
70.25008641493265	89.12043265531425
71.27189745122783	89.0446461224075
72.30857107128878	88.96795840691904
73.36032345637442	88.89037496999823
74.42737393217246	88.81190218739809
75.50994501453623	88.73253233778557
76.60826245588666	88.6522637673513
77.72255529228926	88.57112079154003
78.85305589121582	88.48915154590492
80.00000000000082	88.40642816578543
81.16362679500274	88.32301883193256
82.34417893148023	88.23896237214737
83.541902594194	88.15426344622031
84.75704754874454	88.06888215620994
85.98986719365665	87.9827842377414
87.24061861322157	87.89594997488946
88.50956263110764	87.80838864669799
89.79696386475084	87.72014373300387
91.10309078053635	87.63127812835774
92.42821574978288	87.54187060808316
93.77261510554118	87.45200975797049
95.13656920021877	87.36179506318763
96.52036246404286	87.2713431787177
97.92428346437356	87.18077179732465
99.34862496587989	87.09018595123017
100.79368399159105	86.99964635278037
102.25976188483567	86.90911687169657
103.74716437208203	86.81859803221884
105.25620162669229	86.72810332575546
106.78718833360406	86.63764660854645
108.34044375495276	86.54723005919429
109.9162917966485	86.45685266662629
111.51506107592134	86.36651806479242
113.13708498984903	86.27623473209752
114.78270178488147	86.18601619163577
116.45225462737648	86.09590182655346
118.14609167516147	86.00596041171491
119.86456615013608	85.9162754421689
121.60803641193078	85.82692872047544
123.3768660326369	85.7379787004698
125.17142387262359	85.64946506964893
126.99208415745765	85.56140363665813
128.83922655594208	85.47374867575147
130.71323625928977	85.3864367362587
132.61450406144883	85.29941703662605
134.5434264405962	85.21262908190907
136.50040564181674	85.12600976565103
138.48584976098482	85.0395065839238
140.50017282986593	84.95306194145662
142.5437949024563	84.86662378855189
144.61714214257822	84.78016958469465
146.7206469127495	84.69369578682118
148.8547478643456	84.60723254561019
151.01989002907314	84.52085484137868
153.216524911774	84.43467510511742
155.4451105845792	84.34882831674791
157.70611178243232	84.26347494355592
160.00000000000236	84.17881038316061
162.3272535900062	84.09504580449503
164.6883578629612	84.01240292106333
167.08380518838874	83.93112866461504
169.51409509748981	83.85150984362966
171.97973438731407	83.77390966513784
174.4812372264439	83.6987698765821
177.01912526221608	83.62658633325614
179.5939277295025	83.55788715637559
182.20618156107355	83.49320481281795
184.85643149956664	83.43301061841018
187.54523021108326	83.37760745116792
190.27313840043846	83.32704243653444
193.04072492808663	83.28104398963457
195.84856692874806	83.23908224448306
198.69724993176072	83.20047393701648
201.58736798318304	83.16446551322426
204.5195237696723	83.13028485551763
207.49432874416505	83.09721450975493
210.5124032533856	83.06466011871042
213.57437666720915	83.03220278977012
216.68088750990657	82.99957545672888
219.83258359329807	82.96663405565735
223.03012215184378	82.93334661510283
226.2741699796992	82.8997844427888
229.5654035697641	82.86608134652535
232.90450925475412	82.83240533778078
236.2921833503241	82.798935393099
239.72913230027333	82.76585037470113
243.21607282386276	82.73333882856204
246.75373206527502	82.70159398302417
250.34284774524843	82.6707611356118
253.9841683149166	82.64092882312679
257.67845311188546	82.61215669893512
261.42647251858085	82.58448078279594
265.22900812289896	82.5579021592095
269.08685288119375	82.5324166638246
273.0008112836349	82.50801738860017
276.97169952197106	82.48469325724862
281.00034565973334	82.46241981856076
285.0875898049141	82.44112066979937
289.23428428515797	82.42074105942116
293.44129382550057	82.40123631910443
297.7094957286928	82.3825290473509
302.0397800581479	82.36455856562372
306.4330498235497	82.34737757596557
310.89022116916016	82.33094985234261
315.41222356486645	82.31513318068346
320.00000000000654	82.299748757736
324.6545071800142	82.28464608764459
329.3767157259242	82.26969328556274
334.16761037677935	82.25476517023289
339.02819019498156	82.23975179482142
343.95946877463007	82.22461956140481
348.9624744528898	82.20944261404003
354.03825052443415	82.19437679631187
359.187855459007	82.17969639776706
364.4123631221491	82.1657386971714
369.71286299913527	82.15280206763042
375.0904604221685	82.14115442404251
380.54627680087896	82.13104694328484
386.08144985617537	82.12266687063226
391.6971338574982	82.11609529063175
397.3944998635236	82.11128627429453
403.1747359663683	82.10811446229948
409.0390475393468	82.10641660027252
414.9886574883323	82.1060227112823
421.0248065067734	82.10678948695171
427.1487533344206	82.10863410763058
433.3617750198154	82.111442018712
439.6651671865984	82.11509562410538
446.06024430368984	82.11952182733054
452.54833995940066	82.12472925297487
459.13080713953053	82.13067542757089
465.8090185095106	82.13731889219959
472.58436670065066	82.14467466593146
479.45826460054917	82.15280126960731
486.432145647728	82.16173986209878
493.50746413055253	82.17148759871704
500.6856954904994	82.18211117939428
507.9683366298358	82.1937240319185
515.3569062237735	82.20650904403102
522.8529450371643	82.22068599098573
530.4580162458005	82.23648706569048
538.1737057623901	82.25418088742892
546.0016225672724	82.27400338458749
553.9433990439449	82.29606333638846
562.0006913194694	82.32042616833336
570.1751796098309	82.34712788941518
578.4685685703187	82.37611788044049
586.8825876510039	82.40725259286197
595.4189914573883	82.44035803262314
604.0795601162986	82.4752736405228
612.8660996471021	82.51188430641716
621.780442338323	82.55005328264187
630.8244471297356	82.58955578368914
640.0000000000159	82.63009077551763
649.3090143600314	82.67136587003742
658.7534314518515	82.71318116520473
668.3352207535618	82.75536728314881
678.0563803899662	82.79768021972542
687.9189375492632	82.83984844574759
697.9249489057827	82.8815653833615
708.0765010488715	82.9223777245209
718.3757109180171	82.9617404755929
728.8247262443015	82.99914624360537
739.425725998274	83.03421484836848
750.1809208443404	83.06664820560813
761.0925536017613	83.09626389166293
772.1628997123541	83.12334084945913
783.3942677149998	83.14842251514149
794.7889997270506	83.17227129640071
806.34947193274	83.19580942466939
818.0780950786972	83.22008753061166
829.9773149766683	83.24640390797421
842.0496130135506	83.27611988345122
854.2975066688449	83.31033022039125
866.7235500396347	83.34972839272658
879.3303343732008	83.39463854238713
892.1204886073838	83.44497710569718
905.0966799188055	83.50040731011026
918.2616142790653	83.56062739174975
931.6180370190256	83.62538415975186
945.1687334013056	83.6942191480826
958.9165292011028	83.76674354060654
972.8642912954606	83.84272012517694
987.0149282611097	83.92197765991942
1001.3713909810035	84.0043464616681
1015.9366732596762	84.08967253663828
1030.7138124475518	84.17776933185655
1045.7058900743334	84.26823083012586
1060.916032491606	84.36037575272124
1076.3474115247852	84.45367485914186
1092.0032451345498	84.54799680644308
1107.8867980878947	84.64381070415111
1124.0013826389438	84.74162842916888
1140.350359219667	84.84182323149848
1156.9371371406426	84.94461850878923
1173.765175302013	85.05043342819773
1190.837982914782	85.15979072265259
1208.1591202326028	85.27290813252569
1225.73219929421	85.3895941347938
1243.5608846766518	85.50921813744651
1261.648894259477	85.6308213487272
1280.0000000000375	85.75335952517234
1298.6180287200684	85.87576121775362
1317.5068629037087	85.99731706841743
1336.6704415071292	86.11760578701116
1356.112760779938	86.23648671324274
1375.8378750985323	86.35410268438984
1395.8498978115715	86.47078232899602
1416.153002097749	86.5870253027181
1436.7514218360407	86.703163701899
1457.6494524886093	86.8196810446295
1478.8514519965543	86.9371557532335
1500.3618416886875	87.05606255875708
1522.1851072035295	87.17686846496208
1544.3257994247153	87.2998684693335
1566.788535430007	87.42528154637169
1589.5779994541087	87.55331662801325
1612.6989438654878	87.68411396371614
1636.156190157402	87.81772025603335
1659.9546299533442	87.95431079741785
1684.099226027109	88.0940959699748
1708.5950133376978	88.23717049517637
1733.4471000792773	88.38365379949536
1758.6606687464096	88.53380871176229
1784.2409772147755	88.68786312065441
1810.193359837619	88.84567476606063
1836.5232285581387	89.00674224442052
1863.2360740380593	89.17072954077882
1890.3374668026197	89.33746413080672
1917.833058402214	89.5063775614273
1945.7285825909298	89.67664729442251
1974.0298565222283	89.84751423484022
2002.7427819620161	90.01816529677211
2031.8733465193618	90.18778152716762
2061.4276248951132	90.3550722342123
2091.411780148677	90.51912566802105
2121.832064983222	90.6788059378455
2152.694823049581	90.83151519985859
2184.0064902691106	90.97388754594455
2215.7735961758003	91.10260260716794
2248.002765277899	91.2147918717668
2280.7007184393456	91.30890949662167
2313.874274281297	91.38615189941139
2347.530350604038	91.45172102519795
2381.6759658295764	91.5162643563181
2416.318240465218	91.5977275050167
2451.4643985884327	91.71956277850558
2487.1217693533167	91.90399380010628
2523.2977885189675	92.15957377087938
2560.0000000000887	92.46737827217329
2597.236057440151	92.7844670876441
2635.0137258074315	93.06690484623806
2673.340883014273	93.2878780864751
2712.225521559891	93.44006840476969
2751.6757501970797	93.52942672673534
2791.699795623158	93.56810266416913
2832.3060041955137	93.56980084422104
2873.502843672097	93.54657078623997
2915.2989049772345	93.50807475924414
2957.7029039931244	93.46267047015243
3000.723683377391	93.4192341105806
3044.370214407075	93.38695754585855
3088.6515988494466	93.37521538541425
3133.57707086003	93.39030609528577
3179.1559989082334	93.43179980917621
3225.3978877309914	93.49083659016655
3272.3123803148205	93.55404280887933
3319.9092599067053	93.60841703813774
3368.198452054235	93.64395417717228
3417.190026675413	93.65856205976536
3466.8942001585724	93.65851344191216
3517.3213374928373	93.65532634520761
3568.4819544295697	93.65825250185007
3620.386719675257	93.66801661081514
3673.0464571162966	93.6746397691154
3726.472148076138	93.66001266076135
3780.6749336052594	93.60576432646293
3835.6661168044484	93.50095313427313
3891.45716518188	93.34634155214218
3948.059713044477	93.15260184120815
4005.4855639240527	92.93668498214373
4063.746693038744	92.71502585251791
4122.855249790247	92.49962181341795
4182.823560297375	92.29855475332275
4243.664129966465	92.1140974571857
4305.389646099183	91.94597515513821
4368.012980538242	91.79244677555207
4431.5471923516225	91.6514330400839
4496.00553055582	91.52346656866683
4561.401436878714	91.41000563185051
4627.748548562617	91.31562691398184
4695.060701208099	91.2437711456661
4763.351931659176	91.19543387234695
4832.63648093046	91.17383295399792
4902.928797176889	91.17941376184083
4974.243538706657	91.21277401576742
5046.595577037959	91.27741050966905
5120.000000000202	91.375575388449
5194.472114880326	91.50595317620521
5270.027451614888	91.66232139255557
5346.6817660285715	91.83321808955642
5424.451043119808	92.0018093972577
5503.351500394186	92.14744985727152
5583.399591246343	92.24628272745821
5664.612008391055	92.27348728505966
5747.005687344222	92.20700652840019
5830.597809954497	92.03115280702015
5915.405807986278	91.74238287678405
6001.447366754812	91.35155551494344
6088.740428814181	90.88325787912166
6177.303197698925	90.37148096466869
6267.154141720092	89.85335585290889
6358.3119978165005	89.36043487714721
6450.795775462017	88.9131553668032
6544.624760629676	88.52045704463995
6639.818519813445	88.18402049127405
6736.396904108505	87.91210785844639
6834.380053350861	87.71602048538989
6933.788400317181	87.608070409628
7034.642674985712	87.59963061673774
7136.963908859177	87.70513455942127
7240.773439350552	87.94718816931316
7346.092914232631	88.35369514722225
7452.944296152315	88.95693537189997
7561.349867210557	89.7841776808095
7671.332233608935	90.83264603871781
7782.914330363799	92.03011509611974
7896.119426088994	93.1876227553217
8010.971127848146	94.00382612383527
8127.49338607753	94.19197687394445
8245.710499580537	93.64982743520765
8365.647120594791	92.51670051574345
8487.328259932974	91.07833631792901
8610.77929219841	89.60490122353727
8736.025961076528	88.26079907019471
8863.094384703289	87.10582449331504
8992.011061111683	86.13787281922258
9122.802873757471	85.33022019744463
9255.497097125279	84.66072402296584
9390.121402416245	84.11422614999722
9526.7038633184	83.68263270021411
9665.272961860968	83.36211466187588
9805.857594353829	83.13463123055597
9948.487077413367	82.98549131055204
10093.19115407597	82.9221014696372
10240.000000000457	82.92888596239573
10388.944229760706	82.98681235876863
10540.05490322983	83.09771462586015
10693.363532057198	83.23298306216627
10848.902086239672	83.35126133171147
11006.703000788428	83.43592532163262
11166.799182492743	83.4615737822636
11329.224016782166	83.39187027102523
11494.0113746885	83.2209231761631
11661.195619909053	82.94184671435423
11830.811615972614	82.56511646782441
12002.894733509682	82.13198132577298
12177.48085762842	81.6770589527973
12354.606395397908	81.21781592849344
12534.308283440243	80.78619889897938
12716.62399563306	80.41191143171564
12901.591550924093	80.11329854431348
13089.249521259411	79.90865468179304
13279.637039626952	79.8190326125966
13472.793808217073	79.86122823600263
13668.760106701786	80.08412810534716
13867.576800634426	80.57454990601387
14069.285349971487	81.44330047314435
14273.927817718419	82.71571997052608
14481.54687870117	84.22939975365179
14692.18582846533	85.81988463381478
14905.888592304698	87.47123366465918
15122.699734421185	88.910657803198
15342.664467217943	89.52697231646034
15565.828660727671	88.82329011608583
15792.238852178061	87.09416705612846
16021.942255696367	85.082509053034
16254.986772155136	83.35525666549478
16491.42099916115	82.12471833700342
16731.294241189662	81.42298730069014
16974.65651986603	81.10307687822511
17221.558584396902	81.03921289505459
17472.051922153143	81.13597374088964
17726.188769406665	81.25738185538579
17984.022122223458	81.31392157538815
18245.605747515034	81.06188224161555
18510.99419425065	80.17888780485549
18780.242804832582	78.61964367047656
19053.40772663689	76.66532989928112
19330.545923722028	74.63166157119807
19611.71518870775	72.80853542516715
19896.974154826825	71.48441612152202
20186.382308152035	70.71910130205647
