20	-0.9669594055709868
20.290906698750476	-0.9629143818573237
20.586044732869844	-0.9588602028386888
20.885475648548283	-0.9547841555775173
21.189261887185914	-0.9506715557197286
21.49746679841394	-0.9465070679212868
21.810154653305165	-0.9422756390782832
22.12739065777668	-0.93796347555241
22.449240966187475	-0.9335589374590371
22.77577269513385	-0.9290530823506294
23.107053937445478	-0.9244404264246358
23.44315377638505	-0.9197188124339762
23.784142300054445	-0.9148890871681001
24.130090616010463	-0.9099548698108515
24.481070866093134	-0.9049222703601368
24.837156241469714	-0.8997991340835717
25.1984209978975	-0.8945943675472174
25.56494047120865	-0.8893177612053476
25.936791093020236	-0.8839795989428202
26.3140504066728	-0.8785906092829404
26.69679708340074	-0.8731615449464726
27.08511093873791	-0.8677026632143635
27.47907294916184	-0.8622233806098948
27.878765268980047	-0.8567323770599478
28.284271247461966	-0.8512374338097628
28.695675446220072	-0.8457457078363082
29.11306365684382	-0.8402640101374997
29.536522918790062	-0.8347986542639596
29.966141537533712	-0.8293557251085587
30.402009102982383	-0.8239413341482485
30.844216508158908	-0.8185612818454867
31.29285596815558	-0.8132205503391053
31.74802103936409	-0.8079229088151216
32.20980663898519	-0.8026710614661925
32.67830906482211	-0.7974669033753541
33.153626015361866	-0.792311592119032
33.63585661014871	-0.787205141411466
34.125101410453844	-0.7821465549309
34.62146244024586	-0.7771345030842242
35.12504320746613	-0.7721675203403855
35.635948725613716	-0.7672440156707095
36.15428553564419	-0.7623622430981367
36.68016172818701	-0.7575202334460486
37.21368696608603	-0.752715837564887
37.754972507267915	-0.7479471810753217
38.30413122794313	-0.743212639064943
38.86127764614443	-0.7385106288181851
39.4265279456077	-0.7338395214181309
40.000000000000206	-0.7291979760397566
40.58181339750116	-0.7245849451941285
41.1720894657399	-0.719999957336324
41.77095129709678	-0.7154429165708276
42.37852377437204	-0.7109138761634356
42.9949335968281	-0.7064132456530258
43.62030930661056	-0.7019416645800044
44.25478131555359	-0.6975001589800399
44.89848193237519	-0.6930899604348473
45.55154539026795	-0.6887126081999548
46.21410787489121	-0.6843697085269538
46.88630755277036	-0.6800629762979115
47.56828460010916	-0.6757939273963337
48.260181232021196	-0.6715638521080098
48.962141732186545	-0.6673734324250181
49.674312482939705	-0.6632228009157688
50.39684199579528	-0.6591115603086535
51.129880942417586	-0.6550382789707744
51.873582186040764	-0.6510005963893072
52.628100813345895	-0.6469959458015136
53.393594166801776	-0.6430217544534884
54.17022187747612	-0.6390754485575266
54.95814589832399	-0.6351544279225738
55.75753053796041	-0.6312560123767288
56.56854249492426	-0.6273773621434754
57.39135089244048	-0.62351554428763
58.226127313687975	-0.6196680882481745
59.073045837580466	-0.6158331887339221
59.932283075067765	-0.6120102393882172
60.804018205965114	-0.6081998403390072
61.68843301631817	-0.6044036205153144
62.58571193631152	-0.6006240446230905
63.49604207872855	-0.5968640260069668
64.41961327797075	-0.5931259879071845
65.35661812964459	-0.5894116060816207
66.3072520307241	-0.5857224184068852
67.27171322029778	-0.5820605954391266
68.25020282090806	-0.5784295108291713
69.2429248804921	-0.5748337430300601
70.25008641493265	-0.5712794099937382
71.27189745122783	-0.5677739135116232
72.30857107128878	-0.5643254490022569
73.36032345637442	-0.5609424537926833
74.42737393217246	-0.5576329834236576
75.50994501453623	-0.5544041959866098
76.60826245588666	-0.5512623169898527
77.72255529228926	-0.5482121260313008
78.85305589121582	-0.5452569179473492
80.00000000000082	-0.5423987465851616
81.16362679500274	-0.5396391484232451
82.34417893148023	-0.5369791662839387
83.541902594194	-0.5344190575604577
84.75704754874454	-0.5319578781598048
85.98986719365665	-0.5295929391269971
87.24061861322157	-0.5273191342942856
88.50956263110764	-0.5251283464980595
89.79696386475084	-0.5230093516367874
91.10309078053635	-0.5209472004933277
92.42821574978288	-0.5189231336953455
93.77261510554118	-0.5169146341934083
95.13656920021877	-0.5148956480633615
96.52036246404286	-0.5128374343217801
97.92428346437356	-0.5107090085205166
99.34862496587989	-0.5084785257250295
100.79368399159105	-0.5061158827018633
102.25976188483567	-0.5035957211118156
103.74716437208203	-0.5009004324876061
105.25620162669229	-0.4980222924314923
106.78718833360406	-0.4949647289307196
108.34044375495276	-0.49174316950968255
109.9162917966485	-0.4883845247797761
111.51506107592134	-0.48492712757163375
113.13708498984903	-0.4814199115201769
114.78270178488147	-0.4779205210934745
116.45225462737648	-0.474492974516663
118.14609167516147	-0.47120454261391087
119.86456615013608	-0.4681232016515927
121.60803641193078	-0.465314826446258
123.3768660326369	-0.46283927144889725
125.17142387262359	-0.4607467249467263
126.99208415745765	-0.4590745113773492
128.83922655594208	-0.4578463331952976
130.71323625928977	-0.45707214348295594
132.61450406144883	-0.45674968590464987
134.5434264405962	-0.45686666435979073
136.50040564181674	-0.45740169752361365
138.48584976098482	-0.45832539628707847
140.50017282986593	-0.45960132672538534
142.5437949024563	-0.4611871766073849
144.61714214257822	-0.46303451920414374
146.7206469127495	-0.4650880561936592
148.8547478643456	-0.46728582697175913
151.01989002907314	-0.4695607951293968
153.216524911774	-0.47184396348401175
155.4451105845792	-0.4740685898007087
157.70611178243232	-0.4761732840605961
160.00000000000236	-0.4781037790651007
162.3272535900062	-0.4798146557937666
164.6883578629612	-0.481270804268351
167.08380518838874	-0.48244715418760553
169.51409509748981	-0.4833291925386486
171.97973438731407	-0.4839127458792218
174.4812372264439	-0.4842027201541088
177.01912526221608	-0.4842117405061086
179.5939277295025	-0.483958022445397
182.20618156107355	-0.4834634229424518
184.85643149956664	-0.482751973924204
187.54523021108326	-0.48184852768926356
190.27313840043846	-0.4807764424761226
193.04072492808663	-0.4795552704599191
195.84856692874806	-0.47819874799707146
198.69724993176072	-0.47671305842771233
201.58736798318304	-0.47509534867209635
204.5195237696723	-0.4733324963016059
207.49432874416505	-0.47140014345821313
210.5124032533856	-0.46926241592043405
213.57437666720915	-0.4668731557444622
216.68088750990657	-0.46417689586346944
219.83258359329807	-0.46111122484827705
223.03012215184378	-0.4576087557363427
226.2741699796992	-0.4535992339470315
229.5654035697641	-0.4490107378942606
232.90450925475412	-0.4437701186688111
236.2921833503241	-0.43780447991634724
239.72913230027333	-0.43104391068562503
243.21607282386276	-0.4234240081211497
246.75373206527502	-0.41488793589523115
250.34284774524843	-0.40538816657950694
253.9841683149166	-0.39488804419637163
257.67845311188546	-0.38336283293516465
261.42647251858085	-0.37079897714340687
265.22900812289896	-0.3571929514193829
269.08685288119375	-0.3425501814552358
273.0008112836349	-0.32688404931377435
276.97169952197106	-0.31021497197354625
281.00034565973334	-0.2925690264069274
285.0875898049141	-0.27397557177851545
289.23428428515797	-0.25446772318635735
293.44129382550057	-0.23408165236535766
297.7094957286928	-0.21285561720089508
302.0397800581479	-0.1908306609661279
306.4330498235497	-0.16805134301639624
310.89022116916016	-0.1445663847300546
315.41222356486645	-0.1204307008927952
320.00000000000654	-0.09570649756743616
324.6545071800142	-0.07046155858365993
329.3767157259242	-0.044768360362818754
334.16761037677935	-0.018704369170068
339.02819019498156	0.007648422348070796
343.95946877463007	0.03420324307003803
348.9624744528898	0.0608672469769872
354.03825052443415	0.08754006367029057
359.187855459007	0.11411375550709076
364.4123631221491	0.140471490442931
369.71286299913527	0.16648783944194007
375.0904604221685	0.19202797834767243
380.54627680087896	0.21694690673772565
386.08144985617537	0.2410878900069296
391.6971338574982	0.26428272770345596
397.3944998635236	0.28635456181700775
403.1747359663683	0.30712124869616003
409.0390475393468	0.3263993723314792
414.9886574883323	0.34401044907251366
421.0248065067734	0.35979092971816506
427.1487533344206	0.3736002669158766
433.3617750198154	0.3853299716990394
439.6651671865984	0.39491048085477126
446.06024430368984	0.40231622560061087
452.54833995940066	0.4075651705320897
459.13080713953053	0.4107167278076578
465.8090185095106	0.41186620702402577
472.58436670065066	0.41113621235576187
479.45826460054917	0.4086685651953365
486.432145647728	0.4046101201081501
493.50746413055253	0.39909938713960197
500.6856954904994	0.3922558717492167
507.9683366298358	0.3841715339474385
515.3569062237735	0.3749038277358855
522.8529450371643	0.3644718091448026
530.4580162458005	0.35285988389776435
538.1737057623901	0.3400207072729001
546.0016225672724	0.32587832035079795
553.9433990439449	0.31033280747230657
562.0006913194694	0.29326701590554627
570.1751796098309	0.27455500074866424
578.4685685703187	0.25406985436699797
586.8825876510039	0.23169384995061254
595.4189914573883	0.2073296446899448
604.0795601162986	0.18091446799373445
612.8660996471021	0.1524324211946344
621.780442338323	0.1219310151865618
630.8244471297356	0.08953865210963258
640.0000000000159	0.05547673346726434
649.3090143600314	0.020062673527941638
658.7534314518515	-0.016302075817599293
668.3352207535618	-0.053155808724674236
678.0563803899662	-0.09000164003584989
687.9189375492632	-0.12632575604164084
697.9249489057827	-0.16161378287830752
708.0765010488715	-0.19536521968466403
718.3757109180171	-0.22710588616676877
728.8247262443015	-0.25639259271205395
739.425725998274	-0.2828151596452369
750.1809208443404	-0.3059965997305658
761.0925536017613	-0.32559805524820484
772.1628997123541	-0.3413244744726476
783.3942677149998	-0.35292339150133145
794.7889997270506	-0.36018720500305285
806.34947193274	-0.3629566533159359
818.0780950786972	-0.3611210537897525
829.9773149766683	-0.3546183729163226
842.0496130135506	-0.3434259389385242
854.2975066688449	-0.3275472708156486
866.7235500396347	-0.30700215001074277
879.3303343732008	-0.281816472147978
892.1204886073838	-0.25201729116203986
905.0966799188055	-0.21763301665141987
918.2616142790653	-0.17869299741676858
931.6180370190256	-0.13523006728509518
945.1687334013056	-0.0872797866467066
958.9165292011028	-0.034877953809353934
972.8642912954606	0.021931655471661815
987.0149282611097	0.0830899174004398
1001.3713909810035	0.1485137479381491
1015.9366732596762	0.21809145795714419
1030.7138124475518	0.2916789265345305
1045.7058900743334	0.3691028669255982
1060.916032491606	0.4501665084647666
1076.3474115247852	0.5346555107935543
1092.0032451345498	0.6223396540844578
1107.8867980878947	0.7129783261942713
1124.0013826389438	0.806323167980165
1140.350359219667	0.9021110603350359
1156.9371371406426	1.0000589979649985
1173.765175302013	1.0998652131158002
1190.837982914782	1.201210495256437
1208.1591202326028	1.303765040031275
1225.73219929421	1.407212518810164
1243.5608846766518	1.5112803728832296
1261.648894259477	1.6157792987162063
1280.0000000000375	1.7206261665058653
1298.6180287200684	1.8258529201278737
1317.5068629037087	1.931595550098786
1336.6704415071292	2.0380712779148054
1356.112760779938	2.1455507881029514
1375.8378750985323	2.254341536742887
1395.8498978115715	2.3647665370758673
1416.153002097749	2.4771646302902557
1436.7514218360407	2.591902500216285
1457.6494524886093	2.709387669748689
1478.8514519965543	2.8300738793075513
1500.3618416886875	2.95445669925142
1522.1851072035295	3.083071897490435
1544.3257994247153	3.216471893522905
1566.788535430007	3.3551993378831413
1589.5779994541087	3.4997345111145406
1612.6989438654878	3.650440821960273
1636.156190157402	3.807509274624271
1659.9546299533442	3.9709575984415424
1684.099226027109	4.140677164353596
1708.5950133376978	4.316500879929311
1733.4471000792773	4.498271390671327
1758.6606687464096	4.685904049159093
1784.2409772147755	4.8794331146294985
1810.193359837619	5.079053169683045
1836.5232285581387	5.28514853372996
1863.2360740380593	5.4983310745047325
1890.3374668026197	5.7194442683013555
1917.833058402214	5.949521266066511
1945.7285825909298	6.189669016564709
1974.0298565222283	6.440841620702195
2002.7427819620161	6.703505678278332
2031.8733465193618	6.977305989182708
2061.4276248951132	7.260929966523891
2091.411780148677	7.55229539616233
2121.832064983222	7.848899434816192
2152.694823049581	8.148155048726617
2184.0064902691106	8.447586425539019
2215.7735961758003	8.744875580352666
2248.002765277899	9.037809351110779
2280.7007184393456	9.324182470511072
2313.874274281297	9.601696833807301
2347.530350604038	9.867851201702452
2381.6759658295764	10.11987181521663
2416.318240465218	10.354758023412174
2451.4643985884327	10.569502037700566
2487.1217693533167	10.761530659476156
2523.2977885189675	10.92928523639459
2560.0000000000887	11.072597601628953
2597.236057440151	11.192588719544004
2635.0137258074315	11.291189272162173
2673.340883014273	11.370564847358198
2712.225521559891	11.432664134512752
2751.6757501970797	11.479025532055125
2791.699795623158	11.510743110526967
2832.3060041955137	11.528498810256115
2873.502843672097	11.532623193197905
2915.2989049772345	11.523124428705204
2957.7029039931244	11.49973319289415
3000.723683377391	11.461937218752183
3044.370214407075	11.409026405077011
3088.6515988494466	11.340231029952708
3133.57707086003	11.254961540551342
3179.1559989082334	11.153119831004872
3225.3978877309914	11.03534193994576
3272.3123803148205	10.902930398326838
3319.9092599067053	10.757535257299493
3368.198452054235	10.600842681970057
3417.190026675413	10.434391447223826
3466.8942001585724	10.259462375796083
3517.3213374928373	10.077079202302183
3568.4819544295697	9.888029555153226
3620.386719675257	9.692977903088796
3673.0464571162966	9.49258649222844
3726.472148076138	9.287643706546096
3780.6749336052594	9.079217392819375
3835.6661168044484	8.868755096391368
3891.45716518188	8.65803273103269
3948.059713044477	8.448968846598259
4005.4855639240527	8.243304275298774
4063.746693038744	8.04213363117263
4122.855249790247	7.845630978488125
4182.823560297375	7.653264742606576
4243.664129966465	7.464237075385258
4305.389646099183	7.277830869732603
4368.012980538242	7.093590839538538
4431.5471923516225	6.911380670911613
4496.00553055582	6.731296435041114
4561.401436878714	6.553564589407042
4627.748548562617	6.378524910372248
4695.060701208099	6.206605110059365
4763.351931659176	6.038317678245846
4832.63648093046	5.874262769281659
4902.928797176889	5.715134108682156
4974.243538706657	5.561572818751716
5046.595577037959	5.413996534089742
5120.000000000202	5.272520791500263
5194.472114880326	5.1370376397636734
5270.027451614888	5.007321600841475
5346.6817660285715	4.883148859497665
5424.451043119808	4.764438905372243
5503.351500394186	4.65126120795717
5583.399591246343	4.543634001481811
5664.612008391055	4.441527327606061
5747.005687344222	4.344988224066588
5830.597809954497	4.254217447412396
5915.405807986278	4.169721314050377
6001.447366754812	4.092525293818249
6088.740428814181	4.024339875766132
6177.303197698925	3.967549580621145
6267.154141720092	3.9246140366473563
6358.3119978165005	3.896852422237881
6450.795775462017	3.8835109213879586
6544.624760629676	3.8819081050496496
6639.818519813445	3.8884678185419204
6736.396904108505	3.8999010032437327
6834.380053350861	3.9137886149515437
6933.788400317181	3.9285246190769456
7034.642674985712	3.943013669874317
7136.963908859177	3.956379189100596
7240.773439350552	3.9677457182088163
7346.092914232631	3.976141457230183
7452.944296152315	3.9805532187815205
7561.349867210557	3.979405535141117
7671.332233608935	3.9698855222834357
7782.914330363799	3.9475385796042746
7896.119426088994	3.9065426082358536
8010.971127848146	3.8411379461527257
8127.49338607753	3.748444877148946
8245.710499580537	3.6301189739972943
8365.647120594791	3.4909065994521202
8487.328259932974	3.335752463479885
8610.77929219841	3.1680362828291955
8736.025961076528	2.989487323923892
8863.094384703289	2.800998188065416
8992.011061111683	2.6031132522875144
9122.802873757471	2.396306209021041
9255.497097125279	2.181083939407863
9390.121402416245	1.958288563106517
9526.7038633184	1.7289059287866642
9665.272961860968	1.4944620643268898
9805.857594353829	1.2572889212539125
9948.487077413367	1.020150177313396
10093.19115407597	0.7853725101145436
10240.000000000457	0.5536550605788705
10388.944229760706	0.3243502273857111
10540.05490322983	0.09625744587519271
10693.363532057198	-0.13134716078162423
10848.902086239672	-0.35847429064444997
11006.703000788428	-0.5846509552952605
11166.799182492743	-0.8090433260284684
11329.224016782166	-1.0309951812439588
11494.0113746885	-1.2498856261764928
11661.195619909053	-1.4651145582439467
11830.811615972614	-1.6761573069169031
12002.894733509682	-1.8823733525838833
12177.48085762842	-2.082857406286525
12354.606395397908	-2.276339933434912
12534.308283440243	-2.4617764745861423
12716.62399563306	-2.638906184046887
12901.591550924093	-2.807906740612083
13089.249521259411	-2.969147331866306
13279.637039626952	-3.1230865138751973
13472.793808217073	-3.2700067266685124
13668.760106701786	-3.4100376186443633
13867.576800634426	-3.5432611155938227
14069.285349971487	-3.6696180745494043
14273.927817718419	-3.7888145654711
14481.54687870117	-3.9010765862583923
14692.18582846533	-4.007008470612532
14905.888592304698	-4.107162994899294
15122.699734421185	-4.201984404119748
15342.664467217943	-4.291233326335621
15565.828660727671	-4.371969686002217
15792.238852178061	-4.436501708626063
16021.942255696367	-4.4751109597541525
16254.986772155136	-4.48233180828002
16491.42099916115	-4.46178097322115
16731.294241189662	-4.42190627679326
16974.65651986603	-4.369879588375174
17221.558584396902	-4.310020949783051
17472.051922153143	-4.244184250959542
17726.188769406665	-4.173573120404991
17984.022122223458	-4.0992029946094055
18245.605747515034	-4.0229099450616985
18510.99419425065	-3.946331978315642
18780.242804832582	-3.8709867085286334
19053.40772663689	-3.797541939708226
19330.545923722028	-3.7268142292314095
19611.71518870775	-3.6626795753014805
19896.974154826825	-3.6171566227270686
20186.382308152035	-3.5989205681800955