20	3.2142369740316385
20.290906698750476	3.22035020761924
20.586044732869844	3.226468483361076
20.885475648548283	3.232597505430926
21.189261887185914	3.2387417739958297
21.49746679841394	3.2449027637288332
21.810154653305165	3.2510778441100103
22.12739065777668	3.257259554999329
22.449240966187475	3.2634355272097832
22.77577269513385	3.2695886415453437
23.107053937445478	3.2756974915323194
23.44315377638505	3.2817374869432334
23.784142300054445	3.2876822832155974
24.130090616010463	3.293505617735048
24.481070866093134	3.299183132843344
24.837156241469714	3.30469343123442
25.1984209978975	3.3100184501580023
25.56494047120865	3.3151434998642877
25.936791093020236	3.3200568327633717
26.3140504066728	3.3247491601379915
26.69679708340074	3.329213159738171
27.08511093873791	3.3334430854242623
27.47907294916184	3.3374346346212977
27.878765268980047	3.3411847441723412
28.284271247461966	3.344691548812437
28.695675446220072	3.347954594409723
29.11306365684382	3.3509752537344046
29.536522918790062	3.3537570836963715
29.966141537533712	3.356305923952713
30.402009102982383	3.358629945944759
30.844216508158908	3.360740137261009
31.29285596815558	3.3626503514686195
31.74802103936409	3.3643771276026495
32.20980663898519	3.365939803636794
32.67830906482211	3.36736036541582
33.153626015361866	3.3686629310710257
33.63585661014871	3.3698729837412955
34.125101410453844	3.371016314502291
34.62146244024586	3.37211799286806
35.12504320746613	3.373201611042251
35.635948725613716	3.3742887811433344
36.15428553564419	3.37539827621076
36.68016172818701	3.3765451440966583
37.21368696608603	3.3777403310915806
37.754972507267915	3.3789909322285605
38.30413122794313	3.380300198637811
38.86127764614443	3.3816675929936495
39.4265279456077	3.3830891059515005
40.000000000000206	3.384557674163145
40.58181339750116	3.3860633667718187
41.1720894657399	3.3875938753176116
41.77095129709678	3.3891349457743214
42.37852377437204	3.390670775559101
42.9949335968281	3.392184387850827
43.62030930661056	3.3936580321899594
44.25478131555359	3.3950741486323803
44.89848193237519	3.3964161292162953
45.55154539026795	3.397668831658686
46.21410787489121	3.398819140192788
46.88630755277036	3.399856162190798
47.56828460010916	3.4007713163129982
48.260181232021196	3.401558985829047
48.962141732186545	3.4022167537046615
49.674312482939705	3.4027453944138544
50.39684199579528	3.4031483970705527
51.129880942417586	3.4034314637217946
51.873582186040764	3.4036021253779545
52.628100813345895	3.4036693840829684
53.393594166801776	3.4036430336153773
54.17022187747612	3.403532767778198
54.95814589832399	3.4033476416189377
55.75753053796041	3.403095667359888
56.56854249492426	3.402783589312168
57.39135089244048	3.402417052221576
58.226127313687975	3.402000912377322
59.073045837580466	3.4015396080296894
59.932283075067765	3.4010375850922165
60.804018205965114	3.40049977444984
61.68843301631817	3.3999321171047128
62.58571193631152	3.399342132797069
63.49604207872855	3.3987394413454006
64.41961327797075	3.3981358781045263
65.35661812964459	3.3975451766891185
66.3072520307241	3.3969826803153405
67.27171322029778	3.3964653482213913
68.25020282090806	3.396011871155313
69.2429248804921	3.395642352117625
70.25008641493265	3.3953780555968907
71.27189745122783	3.3952413201310385
72.30857107128878	3.3952549215372407
73.36032345637442	3.3954414179222945
74.42737393217246	3.395822624043654
75.50994501453623	3.396418806449317
76.60826245588666	3.397248100234329
77.72255529228926	3.3983258627659843
78.85305589121582	3.399664063665541
80.00000000000082	3.4012706094205964
81.16362679500274	3.4031483155885143
82.34417893148023	3.405294684519261
83.541902594194	3.407701130853848
84.75704754874454	3.410352517328828
85.98986719365665	3.413227295125904
87.24061861322157	3.416297820644028
88.50956263110764	3.4195306838116326
89.79696386475084	3.42288737462666
91.10309078053635	3.4263250743775036
92.42821574978288	3.4297977269568074
93.77261510554118	3.4332571212205742
95.13656920021877	3.436653752060214
96.52036246404286	3.4399375097811027
97.92428346437356	3.4430575783012145
99.34862496587989	3.445961688693791
100.79368399159105	3.4485956121891057
102.25976188483567	3.4509025342690087
103.74716437208203	3.4528230662927113
105.25620162669229	3.4542960642022162
106.78718833360406	3.4552601694721172
108.34044375495276	3.455655951160748
109.9162917966485	3.4554285144507877
111.51506107592134	3.4545296579398332
113.13708498984903	3.452919153501052
114.78270178488147	3.450566071444035
116.45225462737648	3.447450108558139
118.14609167516147	3.4435624496011776
119.86456615013608	3.4389068497639967
121.60803641193078	3.433500641306865
123.3768660326369	3.4273758931991427
125.17142387262359	3.4205805002687244
126.99208415745765	3.4131783612062616
128.83922655594208	3.4052493500652576
130.71323625928977	3.3968874660682715
132.61450406144883	3.388197625632339
134.5434264405962	3.379292292982581
136.50040564181674	3.370288685718521
138.48584976098482	3.3613053490616136
140.50017282986593	3.3524591302743403
142.5437949024563	3.3438625153143366
144.61714214257822	3.335621670671777
146.7206469127495	3.3278346912326464
148.8547478643456	3.320589886691721
151.01989002907314	3.313965069741532
153.216524911774	3.3080266742939717
155.4451105845792	3.302828372610483
157.70611178243232	3.298409553113435
160.00000000000236	3.294794097300625
162.3272535900062	3.291989962895159
164.6883578629612	3.2899889390907
167.08380518838874	3.2887664787028545
169.51409509748981	3.288281882517871
171.97973438731407	3.288479780182823
174.4812372264439	3.2892921843793674
177.01912526221608	3.290640366036818
179.5939277295025	3.292437609573363
182.20618156107355	3.2945915342690655
184.85643149956664	3.2970076140355893
187.54523021108326	3.2995931818695077
190.27313840043846	3.3022612441182844
193.04072492808663	3.304934158673389
195.84856692874806	3.307547355698867
198.69724993176072	3.3100531457941464
201.58736798318304	3.3124241008610382
204.5195237696723	3.3146552787100054
207.49432874416505	3.316765286461323
210.5124032533856	3.318796956606678
213.57437666720915	3.320817140774854
216.68088750990657	3.3229147962732384
219.83258359329807	3.3251979447436613
223.03012215184378	3.3277903020559094
226.2741699796992	3.330827070393799
229.5654035697641	3.334450521370153
232.90450925475412	3.3388053347702566
236.2921833503241	3.3440341459945038
239.72913230027333	3.3502725329819705
243.21607282386276	3.3576446390919568
246.75373206527502	3.3662597858851484
250.34284774524843	3.3762089470393404
253.9841683149166	3.3875620935954958
257.67845311188546	3.4003649869331256
261.42647251858085	3.4146375197598045
265.22900812289896	3.4303736508433746
269.08685288119375	3.4475428963128856
273.0008112836349	3.4660933644784007
276.97169952197106	3.4859533958728006
281.00034565973334	3.507035321834114
285.0875898049141	3.5292404568151743
289.23428428515797	3.552462615312913
293.44129382550057	3.5765904339964805
297.7094957286928	3.601509851127458
302.0397800581479	3.6271071405672237
306.4330498235497	3.653272464221809
310.89022116916016	3.679902924989395
315.41222356486645	3.706905465181333
320.00000000000654	3.7341976865653965
324.6545071800142	3.7617056562249878
329.3767157259242	3.7893616560199908
334.16761037677935	3.8171020433372944
339.02819019498156	3.8448638107797444
343.95946877463007	3.8725814439156645
348.9624744528898	3.9001844938782044
354.03825052443415	3.927594630727289
359.187855459007	3.954723016145796
364.4123631221491	3.9814680572721683
369.71286299913527	4.007715754194601
375.0904604221685	4.033339216207244
380.54627680087896	4.058199100150183
386.08144985617537	4.082144807102385
391.6971338574982	4.105017399847081
397.3944998635236	4.126652826151196
403.1747359663683	4.146885076142814
409.0390475393468	4.165552315194543
414.9886574883323	4.1825046956567
421.0248065067734	4.197612629680168
427.1487533344206	4.210775366452503
433.3617750198154	4.22192907694045
439.6651671865984	4.231052997962099
446.06024430368984	4.2381709719337
452.54833995940066	4.243349633565322
459.13080713953053	4.246694801775455
465.8090185095106	4.2483449625011875
472.58436670065066	4.248463023249814
479.45826460054917	4.247226746505705
486.432145647728	4.244816321033878
493.50746413055253	4.241399163220053
500.6856954904994	4.237114999826139
507.9683366298358	4.232066095963863
515.3569062237735	4.226312543959891
522.8529450371643	4.219870859259598
530.4580162458005	4.212719511728601
538.1737057623901	4.204805167195826
546.0016225672724	4.196049817107775
553.9433990439449	4.186357419067009
562.0006913194694	4.175621584138714
570.1751796098309	4.163737757326155
578.4685685703187	4.150612644687775
586.8825876510039	4.136171848272851
595.4189914573883	4.120365802000646
604.0795601162986	4.103177247121448
612.8660996471021	4.084628837609893
621.780442338323	4.064789040281841
630.8244471297356	4.043776085834044
640.0000000000159	4.021762018885619
649.3090143600314	3.9989693290190362
658.7534314518515	3.9756589790697325
668.3352207535618	3.9521140903929903
678.0563803899662	3.9286240841617213
687.9189375492632	3.905471704570151
697.9249489057827	3.882919021287054
708.0765010488715	3.8611941330677437
718.3757109180171	3.8404821568508853
728.8247262443015	3.8209181656579023
739.425725998274	3.8025841451465223
750.1809208443404	3.7855118379260606
761.0925536017613	3.769690694481031
772.1628997123541	3.755079365566116
783.3942677149998	3.741631242980574
794.7889997270506	3.729327496059038
806.34947193274	3.7182150930511275
818.0780950786972	3.708436066192381
829.9773149766683	3.7002347981745842
842.0496130135506	3.6939463457366206
854.2975066688449	3.6899743363759425
866.7235500396347	3.6887680943810963
879.3303343732008	3.6908098354277454
892.1204886073838	3.696606595743069
905.0966799188055	3.706683176603088
918.2616142790653	3.7215772470252793
931.6180370190256	3.7418323102704654
945.1687334013056	3.7679913813325467
958.9165292011028	3.8005815196895103
972.8642912954606	3.8400845844190172
987.0149282611097	3.8868878722620845
1001.3713909810035	3.9412234831637214
1015.9366732596762	4.0031062278492975
1030.7138124475518	4.072311732169417
1045.7058900743334	4.148405828948326
1060.916032491606	4.230804803681983
1076.3474115247852	4.318837688397005
1092.0032451345498	4.411795760934374
1107.8867980878947	4.508967093257701
1124.0013826389438	4.609647048012126
1140.350359219667	4.713142077250194
1156.9371371406426	4.818770163541728
1173.765175302013	4.925861282948042
1190.837982914782	5.0337592148007335
1208.1591202326028	5.141834032806588
1225.73219929421	5.249510952125488
1243.5608846766518	5.356320847192183
1261.648894259477	5.4619525325440295
1280.0000000000375	5.56628765288529
1298.6180287200684	5.66939259539135
1317.5068629037087	5.771479720180075
1336.6704415071292	5.872849897885181
1356.112760779938	5.973855493637681
1375.8378750985323	6.074869739751625
1395.8498978115715	6.176267334598079
1416.153002097749	6.278405869664253
1436.7514218360407	6.381617178396636
1457.6494524886093	6.486209637313543
1478.8514519965543	6.592479400165998
1500.3618416886875	6.700720902980984
1522.1851072035295	6.811228109411969
1544.3257994247153	6.924298684960251
1566.788535430007	7.040238322405573
1589.5779994541087	7.159349841847664
1612.6989438654878	7.281920205119104
1636.156190157402	7.408212030290554
1659.9546299533442	7.538465013979698
1684.099226027109	7.672904248805428
1708.5950133376978	7.811753935089915
1733.4471000792773	7.955262389610032
1758.6606687464096	8.103730612466396
1784.2409772147755	8.257538642704928
1810.193359837619	8.417186167653655
1836.5232285581387	8.583347454360329
1863.2360740380593	8.756908801242982
1890.3374668026197	8.938973051277705
1917.833058402214	9.13082305808735
1945.7285825909298	9.333811789959787
1974.0298565222283	9.549137717312865
2002.7427819620161	9.77750163141883
2031.8733465193618	10.018748294847438
2061.4276248951132	10.271763420933256
2091.411780148677	10.534669650258325
2121.832064983222	10.805167809764228
2152.694823049581	11.080860102969757
2184.0064902691106	11.359464424215657
2215.7735961758003	11.638877243148078
2248.002765277899	11.917159309365061
2280.7007184393456	12.192473823808477
2313.874274281297	12.463039785356527
2347.530350604038	12.72706172388961
2381.6759658295764	12.98267633051995
2416.318240465218	13.227952484921662
2451.4643985884327	13.460980566382881
2487.1217693533167	13.680107917812453
2523.2977885189675	13.8841791475011
2560.0000000000887	14.072731501359367
2597.236057440151	14.245909867572774
2635.0137258074315	14.404233616373467
2673.340883014273	14.548329802514054
2712.225521559891	14.678750527690035
2751.6757501970797	14.795849349752945
2791.699795623158	14.899766777857247
2832.3060041955137	14.990390408313978
2873.502843672097	15.067318274353685
2915.2989049772345	15.129747206165932
2957.7029039931244	15.176374289198948
3000.723683377391	15.205372939706917
3044.370214407075	15.214504468946666
3088.6515988494466	15.201408566375832
3133.57707086003	15.164128723538305
3179.1559989082334	15.101751698299292
3225.3978877309914	15.014936223309686
3272.3123803148205	14.905778705308755
3319.9092599067053	14.777211233525374
3368.198452054235	14.632302364949359
3417.190026675413	14.473766907791967
3466.8942001585724	14.303770946684853
3517.3213374928373	14.123954942699346
3568.4819544295697	13.935550222715328
3620.386719675257	13.739544231458654
3673.0464571162966	13.536878465139658
3726.472148076138	13.328616820067635
3780.6749336052594	13.11613461192476
3835.6661168044484	12.901278816955973
3891.45716518188	12.686352115152403
3948.059713044477	12.473884007455062
4005.4855639240527	12.266169816460906
4063.746693038744	12.064572759055181
4122.855249790247	11.869198823715623
4182.823560297375	11.67922621055929
4243.664129966465	11.4934955696348
4305.389646099183	11.310990646592668
4368.012980538242	11.13107872979322
4431.5471923516225	10.953524611546102
4496.00553055582	10.77837895596728
4561.401436878714	10.60588242274232
4627.748548562617	10.436387873005406
4695.060701208099	10.270370073398503
4763.351931659176	10.108389369826806
4832.63648093046	9.951082545901514
4902.928797176889	9.799109374705822
4974.243538706657	9.653088836221576
5046.595577037959	9.513476933808192
5120.000000000202	9.380446819188498
5194.472114880326	9.253962540542116
5270.027451614888	9.133844574890635
5346.6817660285715	9.019906513524981
5424.451043119808	8.912076717347311
5503.351500394186	8.810385470978835
5583.399591246343	8.714909951173528
5664.612008391055	8.625680453840909
5747.005687344222	8.542683075619358
5830.597809954497	8.466120991278677
5915.405807986278	8.396679622904182
6001.447366754812	8.335782459434052
6088.740428814181	8.285760408317323
6177.303197698925	8.24965188694328
6267.154141720092	8.230573832903055
6358.3119978165005	8.230220965549066
6450.795775462017	8.247492844024762
6544.624760629676	8.278870531917908
6639.818519813445	8.319819347636834
6736.396904108505	8.366159114018714
6834.380053350861	8.414727343181788
6933.788400317181	8.463392169130065
7034.642674985712	8.510728274524512
7136.963908859177	8.555562641387606
7240.773439350552	8.596713282479175
7346.092914232631	8.632973741140631
7452.944296152315	8.663031101615488
7561.349867210557	8.68496098991159
7671.332233608935	8.695384466804333
7782.914330363799	8.688619522352651
7896.119426088994	8.656781882141802
8010.971127848146	8.59191964606024
8127.49338607753	8.490004742000181
8245.710499580537	8.353301087417545
8365.647120594791	8.188422136127889
8487.328259932974	8.00230651124392
8610.77929219841	7.799705996065007
8736.025961076528	7.583072014835162
8863.094384703289	7.353580551835043
8992.011061111683	7.111787175565786
9122.802873757471	6.858111296052351
9255.497097125279	6.593088492099655
9390.121402416245	6.317524439288054
9526.7038633184	6.0326867349495155
9665.272961860968	5.740340160376065
9805.857594353829	5.442976029726404
9948.487077413367	5.1434651535894265
10093.19115407597	4.844050585820034
10240.000000000457	4.545151198610221
10388.944229760706	4.245600898179636
10540.05490322983	3.9437945525193046
10693.363532057198	3.6385539898320873
10848.902086239672	3.329373589798073
11006.703000788428	3.0161592697025563
11166.799182492743	2.699075820896399
11329.224016782166	2.3786313845455327
11494.0113746885	2.0553470717384434
11661.195619909053	1.7299913367154287
11830.811615972614	1.4039762570577936
12002.894733509682	1.0801463251780865
12177.48085762842	0.7635258085586595
12354.606395397908	0.4624432806772076
12534.308283440243	0.18717180697223268
12716.62399563306	-0.05185892770837028
12901.591550924093	-0.24970831643030392
13089.249521259411	-0.4066443389562879
13279.637039626952	-0.5176716456032321
13472.793808217073	-0.5770802014083422
13668.760106701786	-0.5849682081630674
13867.576800634426	-0.5472127190860431
14069.285349971487	-0.4737058439341668
14273.927817718419	-0.37562918599415596
14481.54687870117	-0.2622140991940595
14692.18582846533	-0.14140304827119282
14905.888592304698	-0.019262689480413885
15122.699734421185	0.1002821100921047
15342.664467217943	0.21361507848410577
15565.828660727671	0.31456694085293807
15792.238852178061	0.3920190789969529
16021.942255696367	0.43164096526254614
16254.986772155136	0.42463045742822636
16491.42099916115	0.3755169874432113
16731.294241189662	0.2972129978222746
16974.65651986603	0.19992582576816442
17221.558584396902	0.08829131421284439
17472.051922153143	-0.03608247457320118
17726.188769406665	-0.1722068230189483
17984.022122223458	-0.3163507472127277
18245.605747515034	-0.46133526887775733
18510.99419425065	-0.5991898238562782
18780.242804832582	-0.7256184341239241
19053.40772663689	-0.8400434365067422
19330.545923722028	-0.9426092214431484
19611.71518870775	-1.0301867958988002
19896.974154826825	-1.0943100039061249
20186.382308152035	-1.1324231631082777